0.312243	0.58034	5.2	0.05	0.312243	0.58034	0.6	0.6	5.19994	0
0.779081	0.53011	5.50186	0.234471	0.862916	0.534212	0.859997	0.600045	5.19975	0.00179686
1.08782	0.532391	5.52479	0.0815952	1.17385	0.481073	1.11998	0.600225	5.19943	0.00538996
1.27396	0.509031	4.86981	0.289677	0.969149	0.397513	1.37996	0.600629	5.19898	0.0107781
1.55339	0.559914	4.91317	0.31666	1.65063	0.62469	1.6399	0.601347	5.19839	0.0179597
1.8007	0.56257	5.17339	0.35192	1.62331	0.499091	1.89982	0.60247	5.19766	0.0269323
2.08556	0.600053	5.20801	0.367637	2.18882	0.648739	2.1597	0.604086	5.19678	0.0376932
2.30261	0.615876	5.11191	0.420765	1.96701	0.557117	2.41954	0.606284	5.19573	0.0502389
2.5756	0.64255	5.13799	0.416166	2.65526	0.66598	2.67932	0.609155	5.1945	0.0645654
2.84533	0.66138	5.20267	0.412082	2.92034	0.645898	2.93904	0.612786	5.19309	0.080668
3.09179	0.669141	5.18322	0.381107	3.01222	0.637046	3.19869	0.617267	5.19147	0.0985415
3.36892	0.671821	5.21289	0.311339	3.56096	0.485311	3.45825	0.622685	5.18963	0.11818
3.69645	0.507917	5.35795	-0.325136	3.89365	0.311793	3.71772	0.62913	5.18754	0.139576
3.99118	0.498644	5.47036	-0.300449	4.19786	0.698311	3.97708	0.636689	5.18519	0.162724
4.26693	0.52372	5.4722	-0.165793	4.30935	0.578564	4.23632	0.645449	5.18256	0.187614
4.53049	0.523612	5.30255	-0.158847	4.61908	0.68951	4.49542	0.655498	5.17962	0.214238
4.71631	0.707584	5.15438	0.499324	4.35143	0.899174	4.75437	0.666921	5.17634	0.242587
4.97171	0.724814	4.97323	0.432402	5.20901	0.66599	5.01315	0.679804	5.1727	0.272649
5.26694	0.689166	5.06642	0.232194	5.51894	0.648233	5.27175	0.694234	5.16867	0.304413
5.52035	0.698871	5.25899	0.261883	5.22834	0.639362	5.53013	0.710295	5.16422	0.337868
5.81698	0.701021	5.32261	0.218953	6.022	0.708619	5.78828	0.728072	5.15932	0.372999
6.0461	0.699035	5.05375	0.145977	5.89392	0.373584	6.04618	0.747647	5.15393	0.409793
6.29575	0.818335	5.03435	0.517567	6.34249	0.948833	6.30379	0.769103	5.14803	0.448233
6.54946	0.843922	5.00984	0.510183	6.62134	0.836138	6.5611	0.792523	5.14157	0.488305
6.80359	0.797033	5.02767	0.270825	6.78214	0.714036	6.81808	0.817988	5.13452	0.52999
7.04919	0.806242	4.82561	0.222396	7.29121	0.630741	7.07469	0.845578	5.12685	0.573269
7.26403	0.889274	4.76649	0.463894	7.13735	0.957217	7.3309	0.875373	5.11851	0.618123
7.5762	0.922644	5.20892	0.5463	8.08349	0.819605	7.58668	0.907449	5.10946	0.664531
7.84131	0.841859	5.23324	0.189832	7.80533	0.719126	7.84199	0.941886	5.09966	0.712469
8.09688	0.85191	4.97904	0.15287	8.40453	0.884557	8.0968	0.978759	5.08907	0.761915
8.33312	0.853979	4.95568	0.136127	8.24796	0.840322	8.35106	1.01814	5.07766	0.812843
8.61166	0.871729	5.32359	0.218269	8.45858	1.41118	8.60472	1.06011	5.06537	0.865226
8.85419	0.96627	5.27027	0.496579	8.74615	1.04858	8.85775	1.10473	5.05216	0.919037
9.16537	0.998175	5.30247	0.503831	9.8809	1.1419	9.1101	1.15208	5.03798	0.974245
9.40574	1.04176	5.25329	0.567585	9.25579	1.04913	9.36172	1.20223	5.0228	1.03082
9.70128	1.07925	5.30778	0.592062	10.1016	1.52474	9.61255	1.25524	5.00656	1.08873
9.96571	1.26697	5.28417	1.11123	10.0484	1.44598	9.86254	1.31118	4.98922	1.14794
10.2224	1.31989	4.97785	1.03776	10.5377	1.72555	10.1117	1.37011	4.97074	1.20841
10.4372	1.42236	4.90391	1.20925	10.2492	1.45907	10.3598	1.4321	4.95106	1.2701
10.6744	1.47967	4.6579	1.14403	10.9084	1.70343	10.6069	1.49721	4.93014	1.33298
10.8866	1.50466	4.62474	1.0431	10.7313	1.45265	10.853	1.56549	4.90794	1.39701
11.1625	1.56445	4.89535	1.10474	11.4783	1.42876	11.0979	1.637	4.8844	1.46213
11.4326	1.60883	4.94569	1.06468	11.587	1.61462	11.3416	1.71179	4.85948	1.52832
11.6563	1.65684	4.82563	1.03309	11.4763	1.53917	11.584	1.78992	4.83313	1.59551
11.8791	1.73204	4.78607	1.11302	11.7788	1.74591	11.8251	1.87144	4.80531	1.66366
12.1432	1.79675	5.01088	1.18406	12.136	2.14937	12.0647	1.95639	4.77598	1.73273
12.3874	1.82508	5.00474	1.0844	12.3226	1.78353	12.3029	2.04482	4.74508	1.80265
12.6419	1.88054	5.11624	1.11379	12.5457	1.77728	12.5394	2.13677	4.71257	1.87338
12.8427	2.06527	4.98648	1.54315	12.5924	2.17509	12.7743	2.23227	4.67842	1.94485
13.1202	2.15378	5.1607	1.61032	13.2198	2.6644	13.0075	2.33137	4.64258	2.01701
13.3278	2.33187	5.04271	1.93633	13.0875	2.40708	13.2388	2.43409	4.605	2.08981
13.4926	2.40577	4.53266	1.77102	12.7087	3.12439	13.4682	2.54047	4.56565	2.16317
13.7283	2.54915	4.53651	1.94659	13.836	2.62479	13.6955	2.65053	4.52448	2.23703
13.9476	2.64532	4.51995	1.9438	13.8302	2.73893	13.9208	2.7643	4.48147	2.31134
14.1665	2.8341	4.48215	2.24111	14.2106	2.94205	14.1439	2.88179	4.43656	2.38601
14.4202	2.95759	4.71507	2.33567	14.5568	2.87021	14.3646	3.00303	4.38974	2.46099
14.6387	3.00913	4.70016	2.12961	14.4616	2.90734	14.583	3.12802	4.34097	2.5362
14.8793	3.12235	4.76521	2.17084	14.6754	3.96041	14.7989	3.25679	4.29021	2.61157
15.0848	3.36615	4.66339	2.61355	15.0261	3.5067	15.0122	3.38932	4.23744	2.68703
15.3074	3.49022	4.42118	2.50528	15.3685	4.14761	15.2228	3.52563	4.18263	2.76249
15.5118	3.71525	4.35803	2.82892	15.5236	3.82936	15.4306	3.66572	4.12575	2.83789
15.7175	3.84956	4.28479	2.78684	15.7234	3.4105	15.6355	3.80957	4.06678	2.91315
15.9377	3.99085	4.29589	2.79157	15.9774	4.00094	15.8375	3.95719	4.00571	2.98817
16.1432	4.12191	4.06821	2.67216	16.3376	4.21632	16.0363	4.10854	3.94251	3.0629
16.3286	4.34387	4.00268	2.9582	16.3313	4.44499	16.2319	4.26363	3.87716	3.13723
16.5469	4.49818	4.06743	2.98846	16.7586	4.48231	16.4242	4.42242	3.80966	3.21109
16.7251	4.67213	4.00919	3.07288	16.6039	4.67344	16.613	4.5849	3.74	3.28438
16.892	4.80437	3.58933	2.83535	16.9236	5.10119	16.7983	4.75103	3.66817	3.35704
17.0353	5.07332	3.47089	3.24757	16.9955	5.21099	16.9799	4.92077	3.59416	3.42897
17.2058	5.23191	3.45249	3.22908	17.3421	4.64623	17.1579	5.09409	3.51797	3.50008
17.36	5.42078	3.40522	3.32058	17.2894	5.43542	17.3319	5.27094	3.4396	3.57028
17.5142	5.5752	3.29647	3.2437	17.6463	4.74597	17.5019	5.45128	3.35907	3.63949
17.7077	5.67646	3.37832	3.04425	17.7853	5.62476	17.6679	5.63506	3.27637	3.70762
17.8699	5.82283	3.23172	2.95203	17.9216	6.07151	17.8297	5.82221	3.19151	3.77458
18.0269	6.04956	3.19056	3.20173	18.1263	6.16985	17.9872	6.01269	3.10453	3.84027
18.1956	6.21511	3.21257	3.21965	18.1245	6.79027	18.1402	6.20641	3.01542	3.90462
18.3027	6.51704	3.04636	3.67611	18.2164	6.66138	18.2888	6.40332	2.92421	3.96753
18.4477	6.69422	2.92657	3.59008	18.4022	7.02231	18.4328	6.60333	2.83093	4.0289
18.5975	6.8296	2.95306	3.45214	18.5422	6.76013	18.572	6.80638	2.7356	4.08867
18.7602	7.01093	3.03396	3.5091	18.8089	7.24388	18.7064	7.01237	2.63825	4.14672
18.9528	7.15903	3.12921	3.4114	19.1441	7.18344	18.8359	7.22122	2.53893	4.20299
19.0496	7.29671	2.76529	3.16091	18.5479	7.4012	18.9604	7.43283	2.43767	4.25737
19.1095	7.65395	2.51644	3.80205	19.0138	7.8688	19.0798	7.64712	2.3345	4.3098
19.2366	7.84455	2.52761	3.80919	19.3089	7.67375	19.1939	7.86397	2.22949	4.36017
19.3102	8.10238	2.38743	4.03343	19.132	8.12845	19.3028	8.08329	2.12266	4.40842
19.4038	8.29221	2.35339	4.01645	19.0239	8.17194	19.4062	8.30497	2.01409	4.45445
19.5119	8.43579	2.36174	3.84568	19.347	8.30741	19.5042	8.5289	1.90381	4.49819
19.6128	8.61347	2.19868	3.7061	19.6843	8.35902	19.5966	8.75494	1.7919	4.53956
19.7642	8.80209	2.28277	3.70152	20.0039	8.8906	19.6835	8.983	1.67841	4.57848
19.8594	8.97289	2.09367	3.54399	19.6061	9.48659	19.7645	9.21294	1.56341	4.61488
19.9615	9.25429	2.03609	3.86091	20.1574	9.45949	19.8398	9.44463	1.44697	4.64869
20.0258	9.4196	1.76814	3.62716	19.6163	9.76606	19.9093	9.67795	1.32916	4.67984
20.0825	9.72235	1.63959	4.00457	20.1573	9.90876	19.9728	9.91275	1.21005	4.70826
20.1636	9.92959	1.69051	4.07387	19.1911	11.5493	20.0303	10.1489	1.08972	4.73389
20.1871	10.281	1.48418	4.53839	20.166	10.4687	20.0818	10.3863	0.968259	4.75666
20.2151	10.4684	1.17064	4.22797	19.6775	10.803	20.1271	10.6247	0.845742	4.77652
20.2482	10.7993	1.05112	4.59148	20.371	11.0109	20.1663	10.864	0.722256	4.7934
20.2909	11.0245	0.997013	4.54973	19.4335	12.3402	20.1993	11.1041	0.597892	4.80727
20.3221	11.2935	0.933887	4.67866	20.3164	11.3483	20.2261	11.3449	0.472738	4.81807
20.2942	11.4613	0.435865	4.15235	19.2063	12.2418	20.2466	11.5861	0.346889	4.82575
20.3407	11.7324	0.453082	4.32755	20.6141	11.9422	20.2608	11.8275	0.220439	4.83027
20.3599	11.9573	0.614359	4.52865	19.966	11.9688	20.2687	12.0692	0.093487	4.83159
20.3309	12.3131	0.409912	4.92808	20.3263	12.4966	20.2701	12.3108	-0.0338694	4.82968
20.3004	12.5009	-0.0172055	4.40892	20.0192	12.4823	20.2652	12.5522	-0.161529	4.82451
20.3187	12.7562	0.00433138	4.50133	20.498	12.8924	20.254	12.7933	-0.28939	4.81605
20.3179	12.9721	-0.0931583	4.36477	20.9151	12.2555	20.2363	13.0339	-0.417348	4.80428
20.2892	13.2003	-0.152274	4.40302	20.1943	13.1688	20.2122	13.2738	-0.545298	4.78918
20.2596	13.4022	-0.239938	4.30433	19.858	13.5236	20.1818	13.5129	-0.673135	4.77072
20.2241	13.7051	-0.344844	4.56295	20.3245	13.8896	20.1449	13.7509	-0.800753	4.74892
20.1831	13.9008	-0.571287	4.25353	20.3387	13.5307	20.1017	13.9878	-0.928043	4.72374
20.1121	14.1988	-0.718262	4.51138	20.1216	14.337	20.0521	14.2233	-1.0549	4.69521
20.0481	14.3954	-0.863387	4.32007	19.6717	14.4038	19.9962	14.4573	-1.18121	4.66331
19.9247	14.7033	-1.10102	4.60981	19.781	14.773	19.934	14.6897	-1.30687	4.62805
19.8477	14.9096	-1.18521	4.48907	20.1149	14.0165	19.8655	14.9202	-1.43177	4.58944
19.8357	15.122	-1.06994	4.43613	20.0208	15.2053	19.7908	15.1486	-1.55581	4.54751
19.7505	15.2818	-1.57226	3.65741	20.0157	15.3443	19.7099	15.3749	-1.67887	4.50226
19.7197	15.4567	-1.45761	3.61542	19.9131	15.554	19.6229	15.5989	-1.80085	4.45372
19.6427	15.6336	-1.45181	3.62398	19.9388	15.0864	19.5298	15.8203	-1.92164	4.40193
19.5141	15.8952	-1.63087	3.868	19.4748	16.0098	19.4307	16.039	-2.04114	4.3469
19.4189	16.0773	-1.64725	3.85497	19.1556	16.0022	19.3257	16.2549	-2.15925	4.28868
19.31	16.2864	-1.71903	3.91059	19.238	16.2719	19.2148	16.4679	-2.27586	4.22731
19.211	16.4557	-1.89601	3.60714	19.4007	16.2962	19.0981	16.6777	-2.39087	4.16284
19.0529	16.7196	-2.09663	3.85864	19.0029	16.8387	18.9757	16.8841	-2.50418	4.0953
18.9423	16.8782	-2.42784	3.25141	18.8373	17.7112	18.8477	17.0872	-2.61571	4.02476
18.7086	17.182	-2.78181	3.6748	18.6148	17.3832	18.7142	17.2866	-2.72534	3.95127
18.5818	17.3946	-2.59597	4.02626	18.8177	17.0316	18.5752	17.4822	-2.83299	3.87489
18.3597	17.639	-2.84337	4.17805	18.1023	17.5529	18.4309	17.674	-2.93858	3.79568
18.2033	17.8255	-2.9213	4.02883	18.2749	17.4877	18.2814	17.8617	-3.042	3.71372
18.0984	18.0083	-2.81017	3.96331	18.2094	18.0461	18.1268	18.0453	-3.14318	3.62906
17.9257	18.1435	-3.10647	3.36581	18.3021	17.498	17.9671	18.2246	-3.24204	3.5418
17.8244	18.2634	-2.94491	3.21882	17.9018	18.2183	17.8026	18.3994	-3.3385	3.45199
17.7043	18.4465	-2.94489	3.17031	18.8558	18.1364	17.6334	18.5697	-3.43247	3.35973
17.4891	18.661	-3.14528	3.3423	17.3845	18.7039	17.4595	18.7353	-3.5239	3.26509
17.3107	18.7848	-3.32046	2.96079	17.7945	18.0801	17.281	18.8962	-3.61271	3.16817
17.1618	18.9148	-3.26726	2.90781	17.1762	18.8863	17.0983	19.0521	-3.69883	3.06904
17.0152	19.0754	-3.28896	2.83707	16.9398	19.7311	16.9113	19.203	-3.78221	2.9678
16.7902	19.2156	-3.43679	2.85701	16.5734	19.052	16.7201	19.3488	-3.86278	2.86455
16.6245	19.3537	-3.545	2.59091	16.1674	20.2201	16.5251	19.4894	-3.9405	2.75938
16.3585	19.5527	-3.80818	2.8005	16.2338	19.6171	16.3262	19.6246	-4.01531	2.65237
16.1209	19.6108	-4.00626	2.34353	16.4366	18.2742	16.1237	19.7545	-4.08716	2.54364
15.8997	19.7648	-4.08114	2.44284	15.9243	19.8703	15.9176	19.8789	-4.15602	2.43329
15.6926	19.8869	-4.0396	2.55075	16.2328	19.2166	15.7082	19.9978	-4.22185	2.32141
15.4458	20.0665	-4.18427	2.69577	15.4332	20.1836	15.4956	20.111	-4.28461	2.2081
15.2457	20.2044	-4.25939	2.47965	14.3677	21.3406	15.2799	20.2185	-4.34427	2.09347
15.0727	20.3303	-4.15892	2.4696	15.2016	20.4385	15.0613	20.3203	-4.4008	1.97763
14.8371	20.3954	-4.31884	2.04709	14.7476	19.9571	14.84	20.4162	-4.4542	1.86068
14.6201	20.518	-4.3336	2.09628	14.6665	20.6088	14.6161	20.5063	-4.50443	1.74272
14.3945	20.5941	-4.45527	1.74708	13.841	21.0031	14.3897	20.5904	-4.55149	1.62386
14.1434	20.6779	-4.52597	1.74852	14.0521	20.5924	14.1611	20.6686	-4.59537	1.50421
13.9118	20.7431	-4.6179	1.46417	13.8232	20.859	13.9304	20.7408	-4.63606	1.38386
13.6194	20.8258	-4.78211	1.508	13.4686	20.7253	13.6977	20.807	-4.67357	1.26294
13.3669	20.8532	-4.92773	1.02904	13.8263	20.4261	13.4632	20.8671	-4.70789	1.14153
13.1264	20.8896	-4.90386	0.991551	13.1072	20.8294	13.2271	20.9211	-4.73904	1.01975
12.8938	20.9552	-4.90822	0.944678	13.2669	21.1579	12.9895	20.969	-4.76702	0.897694
12.7217	20.9839	-4.70623	0.877579	12.8729	21.0592	12.7506	21.0108	-4.79186	0.775469
12.4829	21.0129	-4.78118	0.630611	11.5171	21.6724	12.5106	21.0465	-4.81358	0.653175
12.2212	21.0636	-4.85114	0.682518	12.2062	21.11	12.2695	21.0761	-4.83219	0.530912
11.9814	21.0854	-4.92094	0.40016	12.3859	21.1066	12.0276	21.0996	-4.84773	0.408778
11.7471	21.0622	-4.8665	0.296512	11.6814	20.8651	11.785	21.117	-4.86022	0.286869
11.4892	21.0379	-4.93896	0.0403152	11.5265	20.6748	11.5418	21.1283	-4.86971	0.165281
11.2837	21.0303	-4.82397	0.00580268	11.363	21.0688	11.2982	21.1335	-4.87623	0.0441057
11.0178	20.9724	-4.91212	-0.290035	10.5558	20.5567	11.0544	21.1327	-4.87982	-0.076565
10.8207	20.9368	-4.77201	-0.352272	10.8903	20.927	10.8105	21.1259	-4.88053	-0.196643
10.5778	20.9215	-4.75836	-0.256348	9.30535	21.3896	10.5666	21.1131	-4.8784	-0.31604
10.2455	20.9862	-5.05018	-0.0530029	10.189	21.209	10.3229	21.0943	-4.87349	-0.434674
9.99724	20.9737	-5.11164	-0.359581	9.97958	21.2932	10.0795	21.0697	-4.86585	-0.552463
9.83712	20.9301	-4.84222	-0.441823	9.99634	20.9797	9.83658	21.0391	-4.85554	-0.669327
9.59795	20.9181	-4.8298	-0.385324	9.38223	21.111	9.59422	21.0028	-4.84262	-0.785189
9.43028	20.8736	-4.6184	-0.460579	9.53921	20.8762	9.35258	20.9607	-4.82714	-0.899977
9.20343	20.8373	-4.68662	-0.824719	9.63392	20.9724	9.11177	20.9128	-4.80919	-1.01362
8.86173	20.8304	-4.9935	-0.721244	8.70331	20.8221	8.87192	20.8594	-4.78881	-1.12605
8.60706	20.7571	-5.04411	-1.02882	9.84634	20.009	8.63315	20.8003	-4.76608	-1.2372
8.32611	20.68	-5.11076	-1.07905	8.22277	20.4839	8.39557	20.7358	-4.74108	-1.34701
8.06851	20.605	-5.14982	-1.31418	8.29647	20.4978	8.1593	20.6657	-4.71387	-1.45542
7.85015	20.516	-5.03259	-1.37337	7.88599	20.45	7.92445	20.5903	-4.68453	-1.56237
7.608	20.4489	-5.0698	-1.66622	8.29081	20.6565	7.69111	20.5096	-4.65313	-1.66781
7.28155	20.3871	-5.27922	-1.60491	7.18029	20.392	7.45939	20.4237	-4.61975	-1.7717
7.01423	20.2924	-5.29047	-1.67521	7.09214	20.1196	7.22939	20.3326	-4.58448	-1.87399
6.77859	20.1988	-5.20681	-1.70154	6.81542	20.1859	7.00119	20.2364	-4.54738	-1.97462
6.52198	20.1161	-5.21313	-1.78366	6.89359	20.1536	6.7749	20.1352	-4.50854	-2.07357
6.315	20.0137	-5.05933	-1.82059	6.38914	20.0137	6.55059	20.0292	-4.46805	-2.17079
6.07208	19.9363	-5.06931	-1.98493	6.67637	20.2142	6.32834	19.9183	-4.42598	-2.26625
5.83676	19.8325	-5.01721	-1.99721	5.86119	19.8306	6.10823	19.8027	-4.38241	-2.35993
5.57867	19.6815	-5.06978	-2.42292	5.28178	19.5036	5.89034	19.6824	-4.33744	-2.45178
5.47649	19.5348	-4.63921	-2.49696	5.69089	19.5755	5.67472	19.5577	-4.29114	-2.5418
5.24171	19.3861	-4.65308	-2.64053	5.9506	18.9859	5.46145	19.4284	-4.24359	-2.62995
5.06319	19.2711	-4.50821	-2.6112	5.17021	19.4397	5.25059	19.2948	-4.19488	-2.71622
4.84828	19.1748	-4.4835	-2.49338	5.87397	19.301	5.04219	19.157	-4.1451	-2.80059
4.74133	19.0215	-4.14637	-2.56816	4.89149	18.982	4.8363	19.015	-4.09432	-2.88305
4.53201	18.8668	-4.18576	-2.92981	3.98679	19.0452	4.63297	18.8689	-4.04263	-2.96359
4.377	18.728	-4.03653	-2.91971	4.4685	18.834	4.43224	18.7188	-3.99012	-3.0422
4.17676	18.5872	-4.02659	-2.85454	4.69245	18.4634	4.23416	18.5648	-3.93685	-3.11888
4.09506	18.4324	-3.68763	-2.8927	4.26269	18.481	4.03876	18.4071	-3.88293	-3.19362
3.91461	18.2667	-3.74076	-3.50668	3.42434	18.8357	3.84606	18.2457	-3.82841	-3.26644
3.60902	18.118	-4.08147	-3.43796	3.45919	18.167	3.65611	18.0807	-3.77339	-3.33732
3.40887	17.9783	-4.0561	-3.15172	4.3011	17.9267	3.46891	17.9122	-3.71795	-3.40627
3.17533	17.8146	-4.14093	-3.16249	3.12525	17.7493	3.28449	17.7402	-3.66215	-3.47331
2.97128	17.6351	-4.16085	-3.57641	2.65664	17.888	3.10287	17.565	-3.60609	-3.53844
2.82433	17.4994	-3.99897	-3.48877	2.9449	17.8154	2.92405	17.3866	-3.54982	-3.60167
2.62637	17.2865	-4.01003	-3.88416	3.26647	17.0897	2.74805	17.2051	-3.49344	-3.66302
2.48129	17.0861	-3.85176	-3.89873	2.55407	17.0853	2.57486	17.0205	-3.437	-3.72251
2.28851	16.9233	-3.83605	-3.5095	2.55039	16.8884	2.4045	16.833	-3.38059	-3.78014
2.16135	16.7542	-3.65431	-3.49726	2.25371	16.8334	2.23695	16.6427	-3.32428	-3.83595
1.97181	16.5387	-3.6653	-3.57635	1.57735	16.0489	2.07221	16.4497	-3.26812	-3.88995
1.84018	16.3212	-3.51094	-3.65692	1.88972	16.1054	1.91027	16.254	-3.21219	-3.94216
1.66616	16.1473	-3.50887	-3.64988	1.74362	16.2687	1.75112	16.0557	-3.15656	-3.99261
1.46882	15.9826	-3.57443	-3.61305	1.44745	16.0853	1.59474	15.8549	-3.10129	-4.04132
1.29446	15.7458	-3.56921	-4.16684	1.6097	15.5526	1.44111	15.6517	-3.04644	-4.08832
1.14769	15.5211	-3.47635	-4.19964	1.18395	15.4284	1.29021	15.4463	-2.99207	-4.13364
0.973714	15.3325	-3.47815	-4.08695	0.828993	15.528	1.14201	15.2386	-2.93825	-4.1773
0.768055	15.1128	-3.56616	-4.12061	0.722706	15.0075	0.996486	15.0288	-2.88503	-4.21933
0.59115	14.9404	-3.56515	-3.94518	1.03147	15.2134	0.853604	14.8169	-2.83246	-4.25977
0.554193	14.7354	-3.16183	-3.9486	0.737301	14.7047	0.71333	14.603	-2.78061	-4.29864
0.400309	14.4837	-3.1459	-4.43288	0.722177	14.2445	0.575628	14.3872	-2.72952	-4.33598
0.24768	14.254	-3.13166	-4.4492	0.253435	14.2029	0.440459	14.1696	-2.67925	-4.37181
0.0950881	13.9968	-3.11432	-4.84574	-0.0328023	13.9604	0.307779	13.9502	-2.62984	-4.40617
0.165152	13.747	-2.47015	-4.83616	0.459172	13.6856	0.177545	13.7292	-2.58135	-4.43909
0.0426697	13.5064	-2.4669	-4.92777	0.0524412	13.6377	0.0497099	13.5065	-2.53381	-4.47061
-0.1282	13.2627	-2.6027	-4.92636	-0.190344	13.2856	-0.0757753	13.2823	-2.48728	-4.50075
-0.262233	13.0472	-2.62155	-4.62658	-0.275043	13.1456	-0.198962	13.0566	-2.44179	-4.52955
-0.201074	12.8366	-2.07526	-4.56002	0.0462308	12.9301	-0.319903	12.8295	-2.39739	-4.55704
-0.308843	12.602	-2.0887	-4.45436	-0.684792	12.3563	-0.438654	12.6011	-2.35412	-4.58326
-0.440947	12.3762	-2.16737	-4.46381	-0.476482	12.3633	-0.555273	12.3714	-2.31202	-4.60823
-0.551236	12.1757	-2.17202	-4.48192	-0.972122	12.5207	-0.669818	12.1404	-2.27111	-4.63198
-0.624728	11.965	-2.07268	-4.44923	-0.582624	12.0386	-0.78235	11.9083	-2.23144	-4.65456
-0.73059	11.7314	-2.07501	-4.55608	-1.26757	11.6495	-0.892931	11.6751	-2.19304	-4.67598
-0.982991	11.4811	-2.49795	-4.62691	-1.17212	11.3988	-1.00163	11.4409	-2.15594	-4.69628
-1.10895	11.2424	-2.51365	-4.4741	-0.891441	10.959	-1.1085	11.2057	-2.12017	-4.71549
-1.30199	11.0168	-2.70513	-4.4936	-1.39289	11.0424	-1.21362	10.9695	-2.08575	-4.73364
-1.42426	10.7645	-2.63007	-4.93964	-1.29894	10.9012	-1.31706	10.7324	-2.05273	-4.75075
-1.5348	10.5061	-2.57136	-4.95741	-1.49687	10.4198	-1.41889	10.4945	-2.02111	-4.76686
-1.65579	10.2279	-2.53504	-5.16378	-1.59293	10.0212	-1.51917	10.2559	-1.99093	-4.78198
-1.69873	10.0175	-2.29417	-5.03569	-1.61875	10.2374	-1.61797	10.0165	-1.96221	-4.79615
-1.81582	9.7865	-2.31205	-4.89293	-1.59702	9.96554	-1.71539	9.77637	-1.93498	-4.80939
-1.83752	9.57976	-2.0435	-4.78089	-1.73381	9.71347	-1.81147	9.53564	-1.90924	-4.82172
-1.93708	9.32818	-2.00537	-5.0287	-2.27191	9.37316	-1.90631	9.29431	-1.88502	-4.83316
-2.01706	9.03673	-1.95167	-5.10629	-1.93833	8.77028	-1.99998	9.05243	-1.86233	-4.84374
-2.1223	8.81768	-1.99524	-4.87483	-1.96565	9.13274	-2.09256	8.81003	-1.8412	-4.85347
-2.20586	8.57225	-1.9498	-4.87208	-2.1768	8.5411	-2.18412	8.56717	-1.82164	-4.86238
-2.30433	8.31902	-1.93964	-4.96952	-2.65862	8.19477	-2.27474	8.32388	-1.80365	-4.87047
-2.31963	8.09964	-1.70707	-4.87133	-2.21875	8.15339	-2.3645	8.0802	-1.78726	-4.87778
-2.40919	7.897	-1.70396	-4.82476	-2.273	8.52315	-2.45348	7.83617	-1.77248	-4.8843
-2.5406	7.6373	-1.83574	-4.88608	-2.59674	7.60288	-2.54177	7.59184	-1.75931	-4.89006
-2.6525	7.4174	-1.9348	-4.64857	-3.08256	7.38874	-2.62944	7.34723	-1.74777	-4.89507
-2.78122	7.1585	-2.02805	-4.72374	-2.79865	7.064	-2.71658	7.10238	-1.73786	-4.89933
-2.86857	6.91909	-1.9142	-4.98657	-2.79412	7.20818	-2.80326	6.85734	-1.72958	-4.90286
-2.85797	6.73201	-1.61058	-4.78229	-2.74651	6.86867	-2.88957	6.61214	-1.72295	-4.90566
-2.939	6.49331	-1.67285	-4.58192	-2.57673	6.36755	-2.97559	6.36681	-1.71797	-4.90774
-2.9817	6.27219	-1.55976	-4.53846	-2.90217	6.22989	-3.0614	6.12139	-1.71464	-4.90911
-3.06253	6.04741	-1.51126	-4.69849	-3.50172	6.10796	-3.14709	5.87592	-1.71297	-4.90976
-3.18933	5.74818	-1.66515	-4.88084	-3.1778	5.53101	-3.23274	5.63043	-1.71295	-4.9097
-3.28201	5.49628	-1.7749	-4.70522	-3.19736	5.19093	-3.31843	5.38496	-1.71458	-4.90893
-3.41315	5.21732	-1.89834	-4.84175	-3.43031	5.10507	-3.40424	5.13955	-1.71787	-4.90745
-3.48706	4.96303	-1.768	-5.0174	-3.4281	4.94644	-3.49026	4.89422	-1.72281	-4.90525
-3.64208	4.64714	-1.95682	-5.23601	-3.69435	4.52196	-3.57657	4.64902	-1.72939	-4.90233
-3.74832	4.37538	-2.09049	-5.08982	-3.50501	4.17643	-3.66325	4.40398	-1.73763	-4.89868
-3.90832	4.07751	-2.23855	-5.25527	-4.00238	4.04684	-3.75039	4.15913	-1.74749	-4.8943
-3.99886	3.82842	-2.03956	-5.38351	-4.06447	4.10977	-3.83806	3.91452	-1.75899	-4.88918
-4.01401	3.65265	-1.81372	-5.0371	-3.88053	3.75177	-3.92635	3.67019	-1.77212	-4.8833
-4.13458	3.43153	-1.95581	-4.88144	-4.23729	3.88878	-4.01533	3.42616	-1.78686	-4.87666
-4.20838	3.21042	-1.89563	-4.79211	-4.15119	3.21968	-4.10509	3.18248	-1.8032	-4.86925
-4.30969	2.96507	-1.96588	-4.76453	-4.27467	2.88187	-4.19571	2.93919	-1.82113	-4.86104
-4.41437	2.67297	-1.98995	-4.93112	-4.32451	2.55034	-4.28727	2.69633	-1.84065	-4.85202
-4.4926	2.42678	-1.86797	-4.96431	-4.38481	2.39989	-4.37985	2.45393	-1.86173	-4.84218
-4.60112	2.14123	-1.90336	-5.09451	-4.61223	2.09192	-4.47352	2.21205	-1.88436	-4.83149
-4.70812	1.86534	-2.16474	-5.05566	-4.29257	1.92854	-4.56836	1.97072	-1.90853	-4.81994
-4.83208	1.57513	-2.19566	-5.19011	-4.86829	1.53442	-4.66444	1.72998	-1.93422	-4.80751
-4.95111	1.31698	-2.25172	-5.18152	-4.98165	1.43611	-4.76186	1.48989	-1.9614	-4.79417
-4.99212	1.18128	-2.13274	-4.71973	-4.66779	1.28643	-4.86066	1.25049	-1.99007	-4.7799
-5.08274	0.956712	-2.02897	-4.68333	-4.98594	1.10894	-4.96095	1.01182	-2.02019	-4.76468
-5.13545	0.780568	-1.94725	-4.45726	-4.85498	0.825661	-5.06277	0.77393	-2.05174	-4.74848
-5.22414	0.524651	-2.07893	-4.55725	-4.84736	0.18101	-5.16621	0.536876	-2.08471	-4.73127
-5.30127	0.281349	-2.02337	-4.5939	-5.1231	0.257311	-5.27133	0.300706	-2.11906	-4.71303
-5.43078	0.0570284	-1.95463	-4.57552	-5.99809	-0.290765	-5.3782	0.0654719	-2.15477	-4.69374
-5.49748	-0.193493	-1.88733	-4.63502	-5.29972	-0.212982	-5.4869	-0.168772	-2.1918	-4.67335
-5.60888	-0.432141	-2.04709	-4.69409	-5.64447	-0.144522	-5.59748	-0.401971	-2.23014	-4.65185
-5.73909	-0.561938	-2.14892	-4.35335	-5.85359	-0.445801	-5.71001	-0.634069	-2.26974	-4.62919
-5.83952	-0.809166	-2.42598	-4.5483	-5.30947	-0.724468	-5.82456	-0.865006	-2.31058	-4.60536
-5.93594	-1.14525	-2.32533	-4.90265	-5.87835	-1.26863	-5.94118	-1.09472	-2.35262	-4.58032
-6.02524	-1.38493	-2.23832	-4.86462	-5.68069	-1.52871	-6.05993	-1.32316	-2.39581	-4.55404
-6.167	-1.56597	-2.33313	-4.6661	-6.27263	-1.50938	-6.18087	-1.55025	-2.44014	-4.52648
-6.29934	-1.83328	-2.64355	-4.94652	-6.11355	-1.75966	-6.30406	-1.77593	-2.48555	-4.49762
-6.4114	-2.11318	-2.58379	-5.05062	-6.34007	-2.13685	-6.42954	-2.00014	-2.532	-4.46742
-6.55528	-2.34974	-2.48681	-4.90203	-6.99344	-2.17445	-6.55738	-2.22281	-2.57946	-4.43585
-6.71547	-2.52072	-2.6078	-4.66774	-6.79288	-2.4458	-6.68761	-2.44386	-2.62788	-4.40288
-6.86605	-2.76074	-2.67255	-4.70552	-7.14408	-2.67584	-6.82029	-2.66323	-2.6772	-4.36847
-6.95054	-3.06241	-2.52929	-4.91787	-6.8003	-3.10086	-6.95546	-2.88084	-2.7274	-4.3326
-7.07223	-3.29582	-2.44647	-4.81064	-7.13937	-3.22028	-7.09316	-3.09663	-2.7784	-4.29523
-7.21492	-3.4377	-2.55439	-4.50813	-7.12118	-3.26434	-7.23344	-3.3105	-2.83017	-4.25632
-7.38054	-3.68692	-2.64576	-4.59489	-7.77186	-4.08999	-7.37632	-3.5224	-2.88265	-4.21586
-7.56524	-3.75344	-2.86241	-4.09137	-7.49009	-3.49081	-7.52184	-3.73223	-2.93579	-4.1738
-7.70504	-3.96309	-2.95038	-4.19552	-7.52393	-3.88213	-7.67004	-3.93992	-2.98953	-4.13012
-7.84117	-4.21753	-2.89847	-4.3334	-7.88049	-4.29783	-7.82094	-4.14538	-3.04381	-4.08479
-7.99537	-4.44061	-2.91471	-4.35065	-8.08524	-4.57834	-7.97457	-4.34854	-3.09857	-4.03778
-8.13926	-4.69984	-2.88433	-4.47538	-8.22492	-4.79812	-8.13095	-4.5493	-3.15376	-3.98906
-8.27833	-4.90602	-2.71247	-4.2479	-8.453	-4.95621	-8.2901	-4.74759	-3.2093	-3.93862
-8.39848	-5.12507	-2.67482	-4.27222	-8.33552	-5.1059	-8.45204	-4.94331	-3.26514	-3.88641
-8.51586	-5.31885	-2.61347	-4.17864	-8.55062	-4.79248	-8.61678	-5.13637	-3.32121	-3.83242
-8.70884	-5.48437	-2.77729	-4.03154	-8.91477	-5.51752	-8.78433	-5.32669	-3.37745	-3.77663
-8.86389	-5.69935	-2.86491	-4.13042	-9.04115	-5.69364	-8.95469	-5.51417	-3.43377	-3.71901
-9.0288	-5.8642	-2.9386	-4.00227	-9.03391	-5.80267	-9.12788	-5.69872	-3.49012	-3.65955
-9.13754	-6.0314	-2.82828	-3.86995	-8.86897	-5.41973	-9.30388	-5.88026	-3.54643	-3.59823
-9.34666	-6.0754	-3.07026	-3.41445	-9.30811	-5.82368	-9.4827	-6.05868	-3.60261	-3.53503
-9.53083	-6.26961	-3.2165	-3.57211	-9.80646	-6.41174	-9.66432	-6.23389	-3.6586	-3.46994
-9.65909	-6.4986	-3.11479	-3.73061	-9.62547	-6.55958	-9.84874	-6.4058	-3.71431	-3.40295
-9.8618	-6.72001	-3.3283	-3.96108	-10.6688	-6.35543	-10.0359	-6.57431	-3.76969	-3.33404
-10.0878	-6.85776	-3.49637	-3.76442	-10.2246	-6.83402	-10.2259	-6.73933	-3.82463	-3.26321
-10.253	-7.0381	-3.50188	-3.77121	-10.2205	-6.71044	-10.4186	-6.90075	-3.87907	-3.19046
-10.498	-7.19857	-3.67329	-3.66223	-10.7616	-7.29159	-10.614	-7.05849	-3.93293	-3.11577
-10.6763	-7.37334	-3.6643	-3.638	-10.8944	-6.83335	-10.8121	-7.21245	-3.98613	-3.03916
-10.9444	-7.50448	-3.88224	-3.45731	-11.2219	-7.56979	-11.0128	-7.36252	-4.03859	-2.96062
-11.1131	-7.65504	-3.75742	-3.31181	-10.986	-7.3707	-11.2161	-7.50862	-4.09021	-2.88015
-11.2732	-7.80145	-3.70732	-3.26864	-11.0934	-7.6776	-11.422	-7.65064	-4.14093	-2.79777
-11.4422	-7.95048	-3.6836	-3.2393	-11.4213	-7.46085	-11.6304	-7.78849	-4.19066	-2.71349
-11.6475	-8.02353	-3.78183	-2.97603	-11.5269	-7.8215	-11.8413	-7.92208	-4.23932	-2.6273
-11.8217	-8.15598	-3.65055	-2.81394	-11.9422	-7.88317	-12.0546	-8.05131	-4.28682	-2.53924
-12.057	-8.20846	-3.81768	-2.53802	-12.09	-8.08828	-12.2702	-8.17609	-4.33309	-2.44932
-12.2759	-8.36004	-4.11749	-2.87518	-12.4462	-8.02117	-12.4881	-8.29633	-4.37802	-2.35756
-12.5054	-8.42455	-4.21391	-2.63659	-12.4231	-8.2599	-12.7082	-8.41193	-4.42156	-2.26399
-12.6876	-8.52966	-3.98968	-2.37977	-12.7461	-8.19449	-12.9304	-8.5228	-4.4636	-2.16863
-12.983	-8.58558	-4.23498	-2.15472	-13.2911	-8.64594	-13.1547	-8.62886	-4.50407	-2.07151
-13.2296	-8.71621	-4.39572	-2.30787	-13.7929	-8.47158	-13.381	-8.73002	-4.54289	-1.97267
-13.4732	-8.74747	-4.49333	-2.0531	-13.384	-8.57583	-13.6092	-8.82619	-4.57997	-1.87214
-13.6537	-8.81408	-4.20452	-1.74799	-13.6376	-8.26344	-13.8392	-8.91729	-4.61524	-1.76997
-13.8805	-8.91534	-4.23323	-1.78078	-13.9959	-8.99264	-14.0709	-9.00324	-4.64861	-1.6662
-14.1297	-9.03279	-4.51853	-2.07157	-14.4737	-8.79552	-14.3043	-9.08395	-4.68001	-1.56086
-14.3643	-9.14472	-4.5329	-2.09189	-14.4273	-9.1875	-14.5391	-9.15936	-4.70936	-1.45402
-14.5776	-9.23717	-4.37364	-1.9226	-14.5757	-9.32634	-14.7754	-9.22939	-4.73658	-1.34573
-14.9	-9.18453	-4.67732	-1.44196	-15.062	-9.04396	-15.013	-9.29397	-4.76161	-1.23603
-15.1673	-9.27741	-4.69542	-1.44381	-15.6189	-9.69365	-15.2517	-9.35302	-4.78436	-1.125
-15.4292	-9.39295	-4.7317	-1.55836	-15.6682	-9.56749	-15.4916	-9.40649	-4.80476	-1.01269
-15.6517	-9.45676	-4.48462	-1.30497	-15.9382	-9.35751	-15.7324	-9.45431	-4.82275	-0.899159
-15.9112	-9.52022	-4.56137	-1.28329	-16.0862	-9.59819	-15.9741	-9.49642	-4.83827	-0.784484
-16.1346	-9.57704	-4.47694	-1.18885	-16.6033	-8.85459	-16.2164	-9.53277	-4.85124	-0.668734
-16.4115	-9.52422	-4.64698	-0.833929	-16.4229	-9.37029	-16.4594	-9.5633	-4.8616	-0.55198
-16.5971	-9.538	-4.50834	-0.725336	-16.011	-9.33486	-16.7027	-9.58797	-4.8693	-0.434301
-16.9059	-9.47612	-4.73388	-0.396014	-17.1132	-9.43043	-16.9464	-9.60673	-4.87427	-0.315773
-17.1817	-9.5227	-4.88421	-0.528293	-16.9255	-10.8571	-17.1903	-9.61954	-4.87646	-0.196479
-17.4474	-9.54239	-4.93268	-0.498447	-17.5448	-9.57485	-17.4342	-9.62636	-4.87583	-0.0765024
-17.6941	-9.56458	-4.76353	-0.342889	-18.1371	-9.39146	-17.6781	-9.62717	-4.87232	0.0440703
-17.9628	-9.51268	-4.86009	-0.122248	-17.9724	-9.42299	-17.9216	-9.62194	-4.86588	0.165151
-18.1855	-9.50581	-4.67628	0.0298722	-18.3083	-9.18778	-18.1648	-9.61064	-4.85648	0.286648
-18.3756	-9.56669	-4.55638	-0.177491	-18.2763	-9.60997	-18.4074	-9.59325	-4.84408	0.40847
-18.5929	-9.57092	-4.61691	-0.234798	-18.2443	-9.58547	-18.6493	-9.56977	-4.82864	0.530522
-18.8592	-9.53755	-4.71154	-0.0830425	-18.9545	-9.51544	-18.8904	-9.54017	-4.81012	0.652707
-19.0591	-9.5217	-4.64878	-0.0414518	-18.6983	-9.02886	-19.1305	-9.50447	-4.78851	0.774927
-19.3498	-9.34852	-4.84803	0.513761	-19.2983	-9.09865	-19.3694	-9.46265	-4.76378	0.897083
-19.5607	-9.30619	-4.5813	0.707497	-19.7037	-8.79906	-19.6069	-9.41472	-4.73591	1.01907
-19.8461	-9.1327	-4.75607	1.15298	-19.8731	-8.96417	-19.8431	-9.36071	-4.70487	1.1408
-20.0606	-9.06122	-4.64834	1.23231	-20.3815	-7.6755	-20.0775	-9.30061	-4.67066	1.26215
-20.1923	-9.26745	-4.33495	0.36596	-20.1607	-9.59663	-20.3102	-9.23446	-4.63328	1.38303
-20.4235	-9.25759	-4.35069	0.353838	-20.4587	-9.7448	-20.5409	-9.16227	-4.59271	1.50334
-20.6851	-9.10033	-4.49882	0.79964	-20.6596	-8.91527	-20.7696	-9.08409	-4.54895	1.62296
-20.9186	-9.06257	-4.37146	0.895806	-21.5568	-8.5005	-20.9959	-8.99994	-4.50202	1.74179
-21.1359	-8.96105	-4.39132	1.06958	-21.0195	-8.85081	-21.2198	-8.90987	-4.45191	1.85972
-21.3628	-8.90991	-4.25864	1.16265	-21.8628	-8.64129	-21.4412	-8.81393	-4.39865	1.97666
-21.5601	-8.86914	-4.22017	1.10251	-21.5029	-8.87191	-21.6597	-8.71217	-4.34224	2.0925
-21.7168	-8.78674	-3.8186	1.35907	-21.9514	-7.41274	-21.8754	-8.60465	-4.2827	2.20712
-21.9379	-8.64639	-3.90675	1.5957	-21.9793	-8.57089	-22.0881	-8.49143	-4.22007	2.32043
-22.1311	-8.56365	-4.017	1.53476	-22.1914	-7.70392	-22.2975	-8.37258	-4.15437	2.43232
-22.3914	-8.39984	-4.16809	1.82965	-22.5838	-8.35296	-22.5035	-8.24817	-4.08564	2.5427
-22.5697	-8.29836	-3.95102	1.94163	-22.3177	-8.57758	-22.7061	-8.11829	-4.01391	2.65145
-22.8629	-7.94425	-4.22954	2.78373	-22.9861	-7.6724	-22.9049	-7.98301	-3.93923	2.75848
-23.0564	-7.80465	-3.84716	2.95909	-23.2693	-8.32031	-23.1	-7.84243	-3.86163	2.8637
-23.2965	-7.59247	-3.96103	3.1793	-23.4777	-7.56583	-23.2911	-7.69663	-3.78118	2.967
-23.4934	-7.43152	-4.02865	3.15174	-23.473	-7.02103	-23.4781	-7.54572	-3.69792	3.06828
-23.6613	-7.32809	-3.94774	2.96803	-23.5408	-7.36069	-23.6609	-7.3898	-3.61191	3.16746
-23.8446	-7.17521	-3.78868	3.0391	-24.0505	-6.56968	-23.8393	-7.22897	-3.52321	3.26445
-23.9968	-7.14069	-3.68423	2.65218	-23.9384	-7.26171	-24.0132	-7.06336	-3.43189	3.35916
-24.147	-6.99647	-3.38097	2.78569	-24.3577	-5.94086	-24.1825	-6.89307	-3.33801	3.45149
-24.3442	-6.66901	-3.48601	3.3949	-24.2574	-6.4352	-24.347	-6.71823	-3.24166	3.54138
-24.5153	-6.50397	-3.19759	3.49228	-24.788	-7.18367	-24.5066	-6.53896	-3.14289	3.62873
-24.6085	-6.41065	-3.04853	3.21037	-24.3008	-6.43799	-24.6612	-6.35538	-3.0418	3.71347
-24.733	-6.24323	-2.87289	3.27163	-24.6108	-6.00878	-24.8107	-6.16764	-2.93846	3.79553
-24.9301	-5.98382	-2.99837	3.59612	-25.146	-5.91902	-24.955	-5.97587	-2.83295	3.87484
-25.0422	-5.7954	-2.80124	3.65678	-24.8975	-5.02285	-25.094	-5.7802	-2.72537	3.95132
-25.1817	-5.62626	-2.79751	3.61246	-25.1941	-5.64372	-25.2276	-5.58079	-2.61581	4.02492
-25.3318	-5.44844	-2.78261	3.61734	-25.5328	-5.4399	-25.3556	-5.37777	-2.50435	4.09557
-25.4969	-5.18306	-2.84809	3.8979	-25.5713	-5.10241	-25.4779	-5.1713	-2.39109	4.16322
-25.6154	-4.98696	-2.75336	3.90949	-25.0178	-6.55904	-25.5946	-4.96152	-2.27613	4.22781
-25.7379	-4.84639	-2.71575	3.72741	-25.6952	-4.89995	-25.7055	-4.7486	-2.15956	4.2893
-25.8465	-4.65686	-2.48716	3.7786	-25.8162	-4.40681	-25.8105	-4.53268	-2.04149	4.34764
-25.9796	-4.37336	-2.51755	4.08818	-25.9516	-4.26659	-25.9096	-4.31392	-1.92202	4.40279
-26.1033	-4.17884	-1.99867	4.17498	-26.8953	-4.43966	-26.0027	-4.0925	-1.80125	4.45471
-26.2065	-3.83458	-2.02095	4.6175	-26.1198	-3.67723	-26.0897	-3.86856	-1.67928	4.50337
-26.2828	-3.60977	-1.58382	4.66768	-26.5652	-3.85723	-26.1706	-3.64227	-1.55623	4.54875
-26.3172	-3.3306	-1.50272	4.80855	-25.9974	-3.24722	-26.2453	-3.41381	-1.4322	4.59081
-26.3576	-3.09157	-1.19717	4.83606	-26.2976	-3.01078	-26.3138	-3.18332	-1.30729	4.62954
-26.383	-2.87283	-1.13079	4.75439	-26.1741	-2.87885	-26.376	-2.95098	-1.18162	4.66493
-26.4363	-2.63839	-1.02241	4.75639	-26.4681	-3.44967	-26.4319	-2.71697	-1.05529	4.69696
-26.5023	-2.55802	-1.04441	4.24235	-26.674	-2.73852	-26.4815	-2.48143	-0.928411	4.72562
-26.5488	-2.34587	-0.948304	4.25169	-26.657	-1.72382	-26.5247	-2.24456	-0.80109	4.75091
-26.605	-2.15077	-0.964307	4.19581	-26.6691	-2.17333	-26.5616	-2.0065	-0.673434	4.77284
-26.6164	-1.93867	-0.795898	4.20713	-26.3248	-1.32261	-26.5921	-1.76744	-0.545553	4.79141
-26.635	-1.63721	-0.75766	4.50288	-26.4671	-1.53207	-26.6161	-1.52753	-0.417552	4.80664
-26.6224	-1.41986	-0.291875	4.49243	-26.4998	-2.19526	-26.6338	-1.28695	-0.289538	4.81852
-26.6328	-1.17035	-0.283788	4.57368	-26.5998	-1.14277	-26.6451	-1.04586	-0.161616	4.8271
-26.6699	-0.947827	-0.164158	4.56061	-27.2008	-1.67679	-26.65	-0.804425	-0.0338883	4.83238
-26.6869	-0.658851	-0.178595	4.76195	-26.7355	-0.59539	-26.6485	-0.562811	0.0935412	4.83439
-26.6755	-0.429815	0.221137	4.729	-26.9891	0.0351487	-26.6406	-0.321181	0.220572	4.83317
-26.6373	-0.0707217	0.27971	5.13023	-26.4553	0.0602653	-26.6264	-0.0796947	0.347104	4.82874
-26.6184	0.177637	0.539793	5.09174	-26.9537	0.136943	-26.6059	0.161489	0.473041	4.82116
-26.5945	0.501809	0.540652	5.3207	-26.6201	0.57588	-26.5792	0.402213	0.598287	4.81045
-26.5763	0.764978	0.601605	5.3049	-26.8241	0.381506	-26.5462	0.642323	0.722748	4.79667
-26.5702	1.04272	0.557975	5.34652	-26.7293	1.06082	-26.5069	0.881666	0.846334	4.77986
-26.5055	1.30937	0.649274	5.34196	-25.9562	2.60409	-26.4616	1.12009	0.968955	4.76007
-26.4662	1.50331	0.650872	5.10184	-26.3986	1.42212	-26.4101	1.35745	1.09053	4.73737
-26.4158	1.74767	0.860479	5.04095	-26.5072	-0.563928	-26.3526	1.59361	1.21096	4.71181
-26.3765	1.90034	0.836346	4.7151	-26.3594	1.79315	-26.2891	1.82841	1.33018	4.68345
-26.3015	2.12398	1.19245	4.62739	-26.3475	1.82827	-26.2197	2.06173	1.44811	4.65235
-26.2485	2.2729	1.16487	4.35717	-26.2502	2.18481	-26.1444	2.29342	1.56467	4.61859
-26.1753	2.48777	1.23955	4.33907	-26.069	2.27896	-26.0633	2.52336	1.67979	4.58223
-26.1028	2.75573	1.26928	4.50621	-26.0641	2.80701	-25.9765	2.75141	1.79339	4.54334
-26.013	2.96304	1.74142	4.35576	-26.3234	3.02388	-25.8841	2.97746	1.90543	4.502
-25.9031	3.29933	1.81047	4.7437	-25.8345	3.42005	-25.7861	3.20139	2.01582	4.45828
-25.8234	3.53247	1.94202	4.69025	-26.1824	3.73376	-25.6826	3.42306	2.12452	4.41227
-25.7244	3.70704	1.93054	4.4953	-25.6666	3.63509	-25.5737	3.64239	2.23146	4.36404
-25.5969	3.91868	2.17312	4.40256	-25.5773	3.13316	-25.4596	3.85924	2.3366	4.31367
-25.5328	4.05846	2.0662	4.13767	-25.7492	3.99968	-25.3402	4.07353	2.43989	4.26125
-25.4014	4.2542	2.27807	4.05526	-25.3516	3.75691	-25.2157	4.28514	2.54127	4.20686
-25.2451	4.50648	2.37316	4.22002	-25.0214	4.52803	-25.0863	4.49399	2.64071	4.15058
-25.0629	4.70423	2.49633	4.18337	-24.2719	4.30917	-24.9518	4.69998	2.73817	4.09251
-24.9542	4.89362	2.45925	4.11757	-25.0363	4.88499	-24.8126	4.90303	2.83361	4.03273
-24.7801	5.08184	2.71742	4.0071	-24.3609	4.95947	-24.6686	5.10304	2.92701	3.97132
-24.6185	5.32515	2.78097	4.14895	-24.5041	5.35293	-24.5201	5.29995	3.01833	3.90839
-24.439	5.5086	3.17054	3.94906	-24.4379	5.24592	-24.367	5.49367	3.10754	3.84401
-24.2629	5.67481	3.19373	3.85162	-24.1159	5.61152	-24.2095	5.68414	3.19464	3.77827
-24.095	5.85384	3.42585	3.71373	-24.5638	4.75836	-24.0477	5.8713	3.27959	3.71127
-23.9302	5.99613	3.39729	3.57388	-23.9153	5.94377	-23.8818	6.05508	3.36239	3.64309
-23.7726	6.18726	3.17331	3.70535	-23.5491	6.44495	-23.7117	6.23542	3.44302	3.57383
-23.6261	6.33238	3.13422	3.57514	-23.6471	6.29102	-23.5377	6.41227	3.52148	3.50357
-23.4759	6.50765	3.24091	3.50366	-23.7544	6.53746	-23.3598	6.58559	3.59775	3.4324
-23.2493	6.79179	3.41076	3.86231	-23.0099	6.86182	-23.1781	6.75533	3.67185	3.36041
-23.0225	6.95603	3.66542	3.70064	-22.7862	5.74143	-22.9928	6.92146	3.74376	3.28768
-22.8239	7.11955	3.68648	3.63616	-22.6991	7.063	-22.804	7.08393	3.8135	3.21431
-22.5904	7.27144	4.01423	3.41667	-22.418	6.76159	-22.6117	7.24273	3.88106	3.14038
-22.4224	7.37371	3.91871	3.19395	-22.5083	7.31524	-22.4161	7.39782	3.94647	3.06598
-22.1868	7.5039	4.33195	2.90611	-22.0543	7.85452	-22.2173	7.54917	4.00974	2.99118
-22.0035	7.64542	4.26364	2.88621	-22.1947	7.69478	-22.0154	7.69679	4.07087	2.91607
-21.8224	7.81093	4.07321	3.0285	-21.6178	9.0351	-21.8105	7.84064	4.12989	2.84074
-21.6262	7.94945	4.05231	2.98641	-21.6473	7.94	-21.6026	7.98072	4.18681	2.76526
-21.4335	8.09628	4.13542	2.90722	-21.8637	7.78661	-21.392	8.11703	4.24166	2.68971
-21.2486	8.08096	4.01373	2.40376	-21.0853	7.83229	-21.1787	8.24957	4.29447	2.61417
-21.0561	8.21241	3.88857	2.5129	-20.5503	9.28616	-20.9628	8.37833	4.34526	2.53871
-20.8757	8.38937	3.88502	2.66795	-21.0519	8.50983	-20.7444	8.50333	4.39406	2.46341
-20.6255	8.48287	4.31738	2.32138	-19.9265	9.40847	-20.5237	8.62457	4.4409	2.38835
-20.362	8.66142	4.446	2.52681	-20.21	8.68914	-20.3006	8.74206	4.48582	2.31358
-20.1564	8.80158	4.31674	2.64072	-20.2277	8.8532	-20.0753	8.85583	4.52884	2.23919
-19.972	8.89046	4.22944	2.49982	-20.0633	8.86724	-19.848	8.96589	4.57001	2.16524
-19.7646	9.01682	4.2195	2.50437	-19.9264	8.78179	-19.6186	9.07227	4.60937	2.09179
-19.5632	9.07821	4.16538	2.30816	-19.4861	8.96665	-19.3873	9.17499	4.64694	2.01891
-19.3182	9.16685	4.4376	2.06826	-18.5719	10.2069	-19.1542	9.27409	4.68278	1.94666
-19.0244	9.29346	4.60027	2.16127	-18.6786	9.19191	-18.9193	9.36959	4.71692	1.8751
-18.8012	9.39711	4.68703	2.05602	-19.2825	8.98189	-18.6827	9.46154	4.7494	1.80429
-18.5423	9.50662	4.74243	2.08422	-18.4242	9.46852	-18.4446	9.54996	4.78028	1.73429
-18.2479	9.55871	5.10849	1.70156	-18.1634	8.72444	-18.2049	9.63492	4.80959	1.66514
-17.9359	9.70631	5.26449	1.90625	-17.7736	9.72478	-17.9639	9.71643	4.83737	1.59691
-17.6686	9.81142	5.12074	2.08884	-17.2296	9.97767	-17.7214	9.79457	4.86368	1.52964
-17.4028	9.91214	5.13943	2.08137	-17.3436	9.88109	-17.4777	9.86936	4.88856	1.46338
-17.1424	10.0065	5.24918	1.94491	-17.1554	10.212	-17.2328	9.94087	4.91205	1.39818
-16.8756	10.1184	5.26746	1.98894	-16.8876	10.145	-16.9868	10.0091	4.93421	1.33408
-16.6016	10.2047	5.35681	1.87621	-16.5958	10.1078	-16.7396	10.0743	4.95507	1.27113
-16.3732	10.2755	5.25607	1.79551	-16.5153	10.3091	-16.4915	10.1362	4.97469	1.20937
-16.1071	10.3558	5.35775	1.65786	-16.09	10.5824	-16.2424	10.1952	4.99311	1.14883
-15.9165	10.3203	5.11277	1.29131	-16.006	10.1843	-15.9924	10.2511	5.01039	1.08956
-15.6651	10.388	5.10165	1.30248	-15.7234	10.41	-15.7416	10.3041	5.02655	1.03159
-15.4882	10.3338	4.85329	0.933467	-15.5699	10.1904	-15.4899	10.3543	5.04166	0.974957
-15.1911	10.33	5.1884	0.525267	-14.2385	10.9109	-15.2376	10.4016	5.05576	0.919692
-14.9149	10.3968	5.2513	0.647234	-14.9365	10.4722	-14.9846	10.4462	5.06889	0.865828
-14.6503	10.4423	5.04858	0.94734	-14.724	9.63507	-14.7309	10.4882	5.0811	0.813394
-14.4423	10.3941	4.88801	0.661018	-14.4088	10.222	-14.4766	10.5276	5.09243	0.762418
-14.1799	10.4082	4.99805	0.513135	-13.9005	10.5238	-14.2218	10.5645	5.10293	0.712926
-13.8193	10.6277	5.37184	1.09823	-13.8049	10.9383	-13.9665	10.5989	5.11263	0.664944
-13.553	10.6933	5.29856	1.22929	-13.3956	10.7857	-13.7107	10.631	5.12159	0.618496
-13.3376	10.6761	5.13289	0.994908	-13.3556	10.5517	-13.4545	10.6608	5.12983	0.573603
-13.0673	10.7023	5.27753	0.755321	-12.9374	10.8137	-13.1979	10.6884	5.13741	0.530288
-12.8018	10.8034	5.32314	0.927833	-12.9591	11.0099	-12.9409	10.7138	5.14436	0.48857
-12.5363	10.8515	5.33606	0.912218	-12.2518	11.2495	-12.6836	10.7373	5.15071	0.448467
-12.3434	10.7894	5.09098	0.595865	-12.3713	10.6091	-12.426	10.7587	5.15651	0.409997
-12.0868	10.8195	5.08409	0.61583	-11.9352	10.9161	-12.1681	10.7783	5.16179	0.373177
-11.8319	10.8947	5.1154	0.734605	-11.9451	11.0515	-11.91	10.7961	5.16658	0.338022
-11.5497	10.9008	5.21789	0.566627	-10.9703	10.9676	-11.6516	10.8121	5.17092	0.304546
-11.3346	10.906	5.09315	0.488751	-11.4548	10.9407	-11.393	10.8265	5.17484	0.272761
-11.0521	10.8601	5.44323	-0.245952	-11.3472	10.5111	-11.1342	10.8394	5.17836	0.242681
-10.7536	10.8278	5.49295	-0.288557	-10.6009	10.6823	-10.8753	10.8509	5.18153	0.214317
-10.4921	10.8363	5.39658	-0.0922355	-10.6563	10.8369	-10.6161	10.8609	5.18435	0.187679
-10.2732	10.8135	5.26106	-0.15789	-10.4142	10.8747	-10.3569	10.8697	5.18687	0.162776
-10.0348	10.8619	5.03483	0.355372	-9.90413	11.2255	-10.0976	10.8772	5.1891	0.139618
-9.76366	10.9337	5.11838	0.500763	-9.83445	11.1032	-9.83809	10.8837	5.19106	0.118212
-9.50646	10.9351	5.20049	0.251505	-10.195	10.3498	-9.57852	10.8891	5.19278	0.0985664
-9.25192	10.9616	5.19619	0.284708	-9.3066	11.0348	-9.31887	10.8936	5.19428	0.0806865
-8.97867	10.9499	5.23688	0.173675	-9.2226	10.3527	-9.05915	10.8972	5.19557	0.0645787
-8.72312	10.9764	5.2329	0.215856	-8.78899	11.0707	-8.79937	10.9001	5.19667	0.050248
-8.44228	10.947	5.28895	0.0477613	-8.83914	10.0319	-8.53953	10.9023	5.19759	0.0376992
-8.3688	10.811	4.71428	-0.350125	-8.62045	10.6577	-8.27965	10.9039	5.19835	0.0269359
-8.13929	10.8084	4.6814	-0.254493	-7.91543	11.1157	-8.01974	10.905	5.19896	0.0179617
-7.74437	10.9022	5.15809	0.0590156	-7.51971	11.0005	-7.75979	10.9057	5.19942	0.0107791
-7.47387	10.892	5.15622	0.0979843	-7.25987	10.6458	-7.49981	10.9061	5.19975	0.00539029
-7.20703	10.8865	5.17284	0.0756765	-7.15631	10.815	-7.23983	10.9063	5.19994	0.00179692
-6.96475	10.9275	5.0984	0.309827	-7.39396	11.0181	-6.97983	10.9064	5.2	-7.84874e-15
