0.312243	0.58034	5.2	0.05	0.312243	0.58034	0.6	0.6	5.19994	0
0.312243	0.58034	5.2	0.05	0.862916	0.534212	0.859997	0.600045	5.19975	0.00179686
1.06755	0.513404	5.44182	-0.030827	1.17385	0.481073	1.11998	0.600225	5.19943	0.00538996
1.06755	0.513404	5.44182	-0.030827	0.969149	0.397513	1.37996	0.600629	5.19898	0.0107781
1.63196	0.57151	5.50477	0.186224	1.65063	0.62469	1.6399	0.601347	5.19839	0.0179597
1.63196	0.57151	5.50477	0.186224	1.62331	0.499091	1.89982	0.60247	5.19766	0.0269323
2.18578	0.622607	5.51784	0.328106	2.18882	0.648739	2.1597	0.604086	5.19678	0.0376932
2.18578	0.622607	5.51784	0.328106	1.96701	0.557117	2.41954	0.606284	5.19573	0.0502389
2.69349	0.661457	5.35012	0.353609	2.65526	0.66598	2.67932	0.609155	5.1945	0.0645654
2.69349	0.661457	5.35012	0.353609	2.92034	0.645898	2.93904	0.612786	5.19309	0.080668
3.11381	0.662862	4.94014	0.217544	3.01222	0.637046	3.19869	0.617267	5.19147	0.0985415
3.11381	0.662862	4.94014	0.217544	3.56096	0.485311	3.45825	0.622685	5.18963	0.11818
3.75583	0.47647	5.44709	-0.594723	3.89365	0.311793	3.71772	0.62913	5.18754	0.139576
3.75583	0.47647	5.44709	-0.594723	4.19786	0.698311	3.97708	0.636689	5.18519	0.162724
4.305	0.506021	5.46209	-0.24941	4.30935	0.578564	4.23632	0.645449	5.18256	0.187614
4.305	0.506021	5.46209	-0.24941	4.61908	0.68951	4.49542	0.655498	5.17962	0.214238
4.60159	0.70998	4.62508	0.64006	4.35143	0.899174	4.75437	0.666921	5.17634	0.242587
4.60159	0.70998	4.62508	0.64006	5.20901	0.66599	5.01315	0.679804	5.1727	0.272649
5.28966	0.70528	5.38311	0.372432	5.51894	0.648233	5.27175	0.694234	5.16867	0.304413
5.28966	0.70528	5.38311	0.372432	5.22834	0.639362	5.53013	0.710295	5.16422	0.337868
5.92393	0.724005	5.70645	0.300215	6.022	0.708619	5.78828	0.728072	5.15932	0.372999
5.92393	0.724005	5.70645	0.300215	5.89392	0.373584	6.04618	0.747647	5.15393	0.409793
6.41941	0.860436	5.4528	0.715304	6.34249	0.948833	6.30379	0.769103	5.14803	0.448233
6.41941	0.860436	5.4528	0.715304	6.62134	0.836138	6.5611	0.792523	5.14157	0.488305
6.87447	0.81292	5.14823	0.250953	6.78214	0.714036	6.81808	0.817988	5.13452	0.52999
6.87447	0.81292	5.14823	0.250953	7.29121	0.630741	7.07469	0.845578	5.12685	0.573269
7.26477	0.903129	4.72784	0.50491	7.13735	0.957217	7.3309	0.875373	5.11851	0.618123
7.26477	0.903129	4.72784	0.50491	8.08349	0.819605	7.58668	0.907449	5.10946	0.664531
7.77105	0.825532	4.84092	0.00536491	7.80533	0.719126	7.84199	0.941886	5.09966	0.712469
7.77105	0.825532	4.84092	0.00536491	8.40453	0.884557	8.0968	0.978759	5.08907	0.761915
8.25159	0.833854	4.82893	0.0357284	8.24796	0.840322	8.35106	1.01814	5.07766	0.812843
8.25159	0.833854	4.82893	0.0357284	8.45858	1.41118	8.60472	1.06011	5.06537	0.865226
8.74025	0.952759	4.84837	0.485524	8.74615	1.04858	8.85775	1.10473	5.05216	0.919037
8.74025	0.952759	4.84837	0.485524	9.8809	1.1419	9.1101	1.15208	5.03798	0.974245
9.24026	1.02743	4.89958	0.587386	9.25579	1.04913	9.36172	1.20223	5.0228	1.03082
9.24026	1.02743	4.89958	0.587386	10.1016	1.52474	9.61255	1.25524	5.00656	1.08873
9.88745	1.2827	5.43028	1.35386	10.0484	1.44598	9.86254	1.31118	4.98922	1.14794
9.88745	1.2827	5.43028	1.35386	10.5377	1.72555	10.1117	1.37011	4.97074	1.20841
10.3409	1.44047	5.12795	1.44116	10.2492	1.45907	10.3598	1.4321	4.95106	1.2701
10.3409	1.44047	5.12795	1.44116	10.9084	1.70343	10.6069	1.49721	4.93014	1.33298
10.7932	1.51252	4.92373	1.16011	10.7313	1.45265	10.853	1.56549	4.90794	1.39701
10.7932	1.51252	4.92373	1.16011	11.4783	1.42876	11.0979	1.637	4.8844	1.46213
11.4345	1.62094	5.42643	1.13048	11.587	1.61462	11.3416	1.71179	4.85948	1.52832
11.4345	1.62094	5.42643	1.13048	11.4763	1.53917	11.584	1.78992	4.83313	1.59551
11.8791	1.7405	5.09555	1.15588	11.7788	1.74591	11.8251	1.87144	4.80531	1.66366
11.8791	1.7405	5.09555	1.15588	12.136	2.14937	12.0647	1.95639	4.77598	1.73273
12.356	1.81646	4.98533	1.00133	12.3226	1.78353	12.3029	2.04482	4.74508	1.80265
12.356	1.81646	4.98533	1.00133	12.5457	1.77728	12.5394	2.13677	4.71257	1.87338
12.725	2.05779	4.5481	1.552	12.5924	2.17509	12.7743	2.23227	4.67842	1.94485
12.725	2.05779	4.5481	1.552	13.2198	2.6644	13.0075	2.33137	4.64258	2.01701
13.1342	2.319	4.39403	1.96547	13.0875	2.40708	13.2388	2.43409	4.605	2.08981
13.1342	2.319	4.39403	1.96547	12.7087	3.12439	13.4682	2.54047	4.56565	2.16317
13.7032	2.57522	4.8317	2.19818	13.836	2.62479	13.6955	2.65053	4.52448	2.23703
13.7032	2.57522	4.8317	2.19818	13.8302	2.73893	13.9208	2.7643	4.48147	2.31134
14.1983	2.87534	4.87196	2.51135	14.2106	2.94205	14.1439	2.88179	4.43656	2.38601
14.1983	2.87534	4.87196	2.51135	14.5568	2.87021	14.3646	3.00303	4.38974	2.46099
14.5749	3.00678	4.49846	2.04455	14.4616	2.90734	14.583	3.12802	4.34097	2.5362
14.5749	3.00678	4.49846	2.04455	14.6754	3.96041	14.7989	3.25679	4.29021	2.61157
15.0254	3.37262	4.50072	2.67396	15.0261	3.5067	15.0122	3.38932	4.23744	2.68703
15.0254	3.37262	4.50072	2.67396	15.3685	4.14761	15.2228	3.52563	4.18263	2.76249
15.4992	3.74344	4.58092	3.07731	15.5236	3.82936	15.4306	3.66572	4.12575	2.83789
15.4992	3.74344	4.58092	3.07731	15.7234	3.4105	15.6355	3.80957	4.06678	2.91315
15.9673	4.02373	4.61448	2.97031	15.9774	4.00094	15.8375	3.95719	4.00571	2.98817
15.9673	4.02373	4.61448	2.97031	16.3376	4.21632	16.0363	4.10854	3.94251	3.0629
16.3806	4.38862	4.45196	3.23494	16.3313	4.44499	16.2319	4.26363	3.87716	3.13723
16.3806	4.38862	4.45196	3.23494	16.7586	4.48231	16.4242	4.42242	3.80966	3.21109
16.7161	4.69099	4.08193	3.15255	16.6039	4.67344	16.613	4.5849	3.74	3.28438
16.7161	4.69099	4.08193	3.15255	16.9236	5.10119	16.7983	4.75103	3.66817	3.35704
17.0606	5.11808	3.86701	3.58872	16.9955	5.21099	16.9799	4.92077	3.59416	3.42897
17.0606	5.11808	3.86701	3.58872	17.3421	4.64623	17.1579	5.09409	3.51797	3.50008
17.3693	5.45426	3.6036	3.50024	17.2894	5.43542	17.3319	5.27094	3.4396	3.57028
17.3693	5.45426	3.6036	3.50024	17.6463	4.74597	17.5019	5.45128	3.35907	3.63949
17.7572	5.70623	3.69639	3.1178	17.7853	5.62476	17.6679	5.63506	3.27637	3.70762
17.7572	5.70623	3.69639	3.1178	17.9216	6.07151	17.8297	5.82221	3.19151	3.77458
18.1265	6.10094	3.69555	3.44125	18.1263	6.16985	17.9872	6.01269	3.10453	3.84027
18.1265	6.10094	3.69555	3.44125	18.1245	6.79027	18.1402	6.20641	3.01542	3.90462
18.3579	6.56322	3.22909	3.90204	18.2164	6.66138	18.2888	6.40332	2.92421	3.96753
18.3579	6.56322	3.22909	3.90204	18.4022	7.02231	18.4328	6.60333	2.83093	4.0289
18.6123	6.84785	2.99787	3.49028	18.5422	6.76013	18.572	6.80638	2.7356	4.08867
18.6123	6.84785	2.99787	3.49028	18.8089	7.24388	18.7064	7.01237	2.63825	4.14672
19.0268	7.18954	3.38489	3.46168	19.1441	7.18344	18.8359	7.22122	2.53893	4.20299
19.0268	7.18954	3.38489	3.46168	18.5479	7.4012	18.9604	7.43283	2.43767	4.25737
19.1915	7.71765	2.79862	4.17124	19.0138	7.8688	19.0798	7.64712	2.3345	4.3098
19.1915	7.71765	2.79862	4.17124	19.3089	7.67375	19.1939	7.86397	2.22949	4.36017
19.3037	8.13132	2.23255	4.15778	19.132	8.12845	19.3028	8.08329	2.12266	4.40842
19.3037	8.13132	2.23255	4.15778	19.0239	8.17194	19.4062	8.30497	2.01409	4.45445
19.438	8.41618	1.93243	3.6472	19.347	8.30741	19.5042	8.5289	1.90381	4.49819
19.438	8.41618	1.93243	3.6472	19.6843	8.35902	19.5966	8.75494	1.7919	4.53956
19.8154	8.84082	2.55392	3.88089	20.0039	8.8906	19.6835	8.983	1.67841	4.57848
19.8154	8.84082	2.55392	3.88089	19.6061	9.48659	19.7645	9.21294	1.56341	4.61488
20.1136	9.35485	2.69834	4.37208	20.1574	9.45949	19.8398	9.44463	1.44697	4.64869
20.1136	9.35485	2.69834	4.37208	19.6163	9.76606	19.9093	9.67795	1.32916	4.67984
20.2717	9.8558	2.32121	4.62068	20.1573	9.90876	19.9728	9.91275	1.21005	4.70826
20.2717	9.8558	2.32121	4.62068	19.1911	11.5493	20.0303	10.1489	1.08972	4.73389
20.3369	10.4003	1.75779	4.94202	20.166	10.4687	20.0818	10.3863	0.968259	4.75666
20.3369	10.4003	1.75779	4.94202	19.6775	10.803	20.1271	10.6247	0.845742	4.77652
20.4427	10.958	1.5216	5.18996	20.371	11.0109	20.1663	10.864	0.722256	4.7934
20.4427	10.958	1.5216	5.18996	19.4335	12.3402	20.1993	11.1041	0.597892	4.80727
20.4572	11.4067	1.05722	4.9158	20.3164	11.3483	20.2261	11.3449	0.472738	4.81807
20.4572	11.4067	1.05722	4.9158	19.2063	12.2418	20.2466	11.5861	0.346889	4.82575
20.5882	11.9223	1.14248	5.00916	20.6141	11.9422	20.2608	11.8275	0.220439	4.83027
20.5882	11.9223	1.14248	5.00916	19.966	11.9688	20.2687	12.0692	0.093487	4.83159
20.5166	12.4633	0.514999	5.16563	20.3263	12.4966	20.2701	12.3108	-0.0338694	4.82968
20.5166	12.4633	0.514999	5.16563	20.0192	12.4823	20.2652	12.5522	-0.161529	4.82451
20.5335	12.9321	0.398172	4.97926	20.498	12.8924	20.254	12.7933	-0.28939	4.81605
20.5335	12.9321	0.398172	4.97926	20.9151	12.2555	20.2363	13.0339	-0.417348	4.80428
20.386	13.2873	-0.23394	4.42282	20.1943	13.1688	20.2122	13.2738	-0.545298	4.78918
20.386	13.2873	-0.23394	4.42282	19.858	13.5236	20.1818	13.5129	-0.673135	4.77072
20.3438	13.817	-0.297442	4.76371	20.3245	13.8896	20.1449	13.7509	-0.800753	4.74892
20.3438	13.817	-0.297442	4.76371	20.3387	13.5307	20.1017	13.9878	-0.928043	4.72374
20.2189	14.3172	-0.618495	4.85671	20.1216	14.337	20.0521	14.2233	-1.0549	4.69521
20.2189	14.3172	-0.618495	4.85671	19.6717	14.4038	19.9962	14.4573	-1.18121	4.66331
19.9712	14.7865	-1.24582	4.79293	19.781	14.773	19.934	14.6897	-1.30687	4.62805
19.9712	14.7865	-1.24582	4.79293	20.1149	14.0165	19.8655	14.9202	-1.43177	4.58944
19.9327	15.2328	-0.95526	4.66397	20.0208	15.2053	19.7908	15.1486	-1.55581	4.54751
19.9327	15.2328	-0.95526	4.66397	20.0157	15.3443	19.7099	15.3749	-1.67887	4.50226
19.8747	15.6199	-0.828663	4.35481	19.9131	15.554	19.6229	15.5989	-1.80085	4.45372
19.8747	15.6199	-0.828663	4.35481	19.9388	15.0864	19.5298	15.8203	-1.92164	4.40193
19.6352	16.0305	-1.35739	4.25776	19.4748	16.0098	19.4307	16.039	-2.04114	4.3469
19.6352	16.0305	-1.35739	4.25776	19.1556	16.0022	19.3257	16.2549	-2.15925	4.28868
19.3703	16.3555	-1.79341	3.8649	19.238	16.2719	19.2148	16.4679	-2.27586	4.22731
19.3703	16.3555	-1.79341	3.8649	19.4007	16.2962	19.0981	16.6777	-2.39087	4.16284
19.098	16.7949	-2.10695	4.07092	19.0029	16.8387	18.9757	16.8841	-2.50418	4.0953
19.098	16.7949	-2.10695	4.07092	18.8373	17.7112	18.8477	17.0872	-2.61571	4.02476
18.7526	17.3009	-2.56155	4.45693	18.6148	17.3832	18.7142	17.2866	-2.72534	3.95127
18.7526	17.3009	-2.56155	4.45693	18.8177	17.0316	18.5752	17.4822	-2.83299	3.87489
18.3017	17.6408	-3.2191	4.04436	18.1023	17.5529	18.4309	17.674	-2.93858	3.79568
18.3017	17.6408	-3.2191	4.04436	18.2749	17.4877	18.2814	17.8617	-3.042	3.71372
18.0932	18.0457	-2.83611	4.0461	18.2094	18.0461	18.1268	18.0453	-3.14318	3.62906
18.0932	18.0457	-2.83611	4.0461	18.3021	17.498	17.9671	18.2246	-3.24204	3.5418
17.8551	18.3236	-2.68244	3.55176	17.9018	18.2183	17.8026	18.3994	-3.3385	3.45199
17.8551	18.3236	-2.68244	3.55176	18.8558	18.1364	17.6334	18.5697	-3.43247	3.35973
17.4869	18.6925	-3.02004	3.60537	17.3845	18.7039	17.4595	18.7353	-3.5239	3.26509
17.4869	18.6925	-3.02004	3.60537	17.7945	18.0801	17.281	18.8962	-3.61271	3.16817
17.1806	18.962	-3.03451	3.25029	17.1762	18.8863	17.0983	19.0521	-3.69883	3.06904
17.1806	18.962	-3.03451	3.25029	16.9398	19.7311	16.9113	19.203	-3.78221	2.9678
16.727	19.1586	-3.54112	2.74958	16.5734	19.052	16.7201	19.3488	-3.86278	2.86455
16.727	19.1586	-3.54112	2.74958	16.1674	20.2201	16.5251	19.4894	-3.9405	2.75938
16.3042	19.5338	-3.77313	3.14041	16.2338	19.6171	16.3262	19.6246	-4.01531	2.65237
16.3042	19.5338	-3.77313	3.14041	16.4366	18.2742	16.1237	19.7545	-4.08716	2.54364
15.9256	19.8601	-3.7775	3.18825	15.9243	19.8703	15.9176	19.8789	-4.15602	2.43329
15.9256	19.8601	-3.7775	3.18825	16.2328	19.2166	15.7082	19.9978	-4.22185	2.32141
15.4912	20.1815	-3.96872	3.19821	15.4332	20.1836	15.4956	20.111	-4.28461	2.2081
15.4912	20.1815	-3.96872	3.19821	14.3677	21.3406	15.2799	20.2185	-4.34427	2.09347
15.1473	20.467	-3.7897	3.06449	15.2016	20.4385	15.0613	20.3203	-4.4008	1.97763
15.1473	20.467	-3.7897	3.06449	14.7476	19.9571	14.84	20.4162	-4.4542	1.86068
14.718	20.6835	-3.95964	2.71374	14.6665	20.6088	14.6161	20.5063	-4.50443	1.74272
14.718	20.6835	-3.95964	2.71374	13.841	21.0031	14.3897	20.5904	-4.55149	1.62386
14.1886	20.7569	-4.40994	1.94146	14.0521	20.5924	14.1611	20.6686	-4.59537	1.50421
14.1886	20.7569	-4.40994	1.94146	13.8232	20.859	13.9304	20.7408	-4.63606	1.38386
13.6098	20.8278	-4.87531	1.46067	13.4686	20.7253	13.6977	20.807	-4.67357	1.26294
13.6098	20.8278	-4.87531	1.46067	13.8263	20.4261	13.4632	20.8671	-4.70789	1.14153
13.1148	20.8949	-4.90036	1.15303	13.1072	20.8294	13.2271	20.9211	-4.73904	1.01975
13.1148	20.8949	-4.90036	1.15303	13.2669	21.1579	12.9895	20.969	-4.76702	0.897694
12.7474	21.037	-4.48651	1.25727	12.8729	21.0592	12.7506	21.0108	-4.79186	0.775469
12.7474	21.037	-4.48651	1.25727	11.5171	21.6724	12.5106	21.0465	-4.81358	0.653175
12.253	21.1339	-4.64088	1.14502	12.2062	21.11	12.2695	21.0761	-4.83219	0.530912
12.253	21.1339	-4.64088	1.14502	12.3859	21.1066	12.0276	21.0996	-4.84773	0.408778
11.7358	21.039	-4.82018	0.328498	11.6814	20.8651	11.785	21.117	-4.86022	0.286869
11.7358	21.039	-4.82018	0.328498	11.5265	20.6748	11.5418	21.1283	-4.86971	0.165281
11.3078	21.0702	-4.63804	0.322002	11.363	21.0688	11.2982	21.1335	-4.87623	0.0441057
11.3078	21.0702	-4.63804	0.322002	10.5558	20.5567	11.0544	21.1327	-4.87982	-0.076565
10.8668	21.0066	-4.56078	-0.0518178	10.8903	20.927	10.8105	21.1259	-4.88053	-0.196643
10.8668	21.0066	-4.56078	-0.0518178	9.30535	21.3896	10.5666	21.1131	-4.8784	-0.31604
10.3012	21.1148	-4.93071	0.39033	10.189	21.209	10.3229	21.0943	-4.87349	-0.434674
10.3012	21.1148	-4.93071	0.39033	9.97958	21.2932	10.0795	21.0697	-4.86585	-0.552463
9.90112	21.0587	-4.61671	0.0193818	9.99634	20.9797	9.83658	21.0391	-4.85554	-0.669327
9.90112	21.0587	-4.61671	0.0193818	9.38223	21.111	9.59422	21.0028	-4.84262	-0.785189
9.48874	20.9599	-4.45032	-0.373494	9.53921	20.8762	9.35258	20.9607	-4.82714	-0.899977
9.48874	20.9599	-4.45032	-0.373494	9.63392	20.9724	9.11177	20.9128	-4.80919	-1.01362
8.87549	20.8677	-5.01809	-0.587501	8.70331	20.8221	8.87192	20.8594	-4.78881	-1.12605
8.87549	20.8677	-5.01809	-0.587501	9.84634	20.009	8.63315	20.8003	-4.76608	-1.2372
8.2991	20.6314	-5.26982	-1.27991	8.22277	20.4839	8.39557	20.7358	-4.74108	-1.34701
8.2991	20.6314	-5.26982	-1.27991	8.29647	20.4978	8.1593	20.6657	-4.71387	-1.45542
7.82839	20.4742	-5.0799	-1.39366	7.88599	20.45	7.92445	20.5903	-4.68453	-1.56237
7.82839	20.4742	-5.0799	-1.39366	8.29081	20.6565	7.69111	20.5096	-4.65313	-1.66781
7.25116	20.3661	-5.31359	-1.27197	7.18029	20.392	7.45939	20.4237	-4.61975	-1.7717
7.25116	20.3661	-5.31359	-1.27197	7.09214	20.1196	7.22939	20.3326	-4.58448	-1.87399
6.76706	20.2099	-5.1541	-1.38477	6.81542	20.1859	7.00119	20.2364	-4.54738	-1.97462
6.76706	20.2099	-5.1541	-1.38477	6.89359	20.1536	6.7749	20.1352	-4.50854	-2.07357
6.31959	20.0399	-4.92477	-1.50792	6.38914	20.0137	6.55059	20.0292	-4.46805	-2.17079
6.31959	20.0399	-4.92477	-1.50792	6.67637	20.2142	6.32834	19.9183	-4.42598	-2.26625
5.84395	19.8571	-4.86794	-1.63252	5.86119	19.8306	6.10823	19.8027	-4.38241	-2.35993
5.84395	19.8571	-4.86794	-1.63252	5.28178	19.5036	5.89034	19.6824	-4.33744	-2.45178
5.52208	19.6292	-4.31129	-1.8847	5.69089	19.5755	5.67472	19.5577	-4.29114	-2.5418
5.52208	19.6292	-4.31129	-1.8847	5.9506	18.9859	5.46145	19.4284	-4.24359	-2.62995
5.13012	19.4402	-4.17909	-1.887	5.17021	19.4397	5.25059	19.2948	-4.19488	-2.71622
5.13012	19.4402	-4.17909	-1.887	5.87397	19.301	5.04219	19.157	-4.1451	-2.80059
4.80081	19.1043	-3.88006	-2.46101	4.89149	18.982	4.8363	19.015	-4.09432	-2.88305
4.80081	19.1043	-3.88006	-2.46101	3.98679	19.0452	4.63297	18.8689	-4.04263	-2.96359
4.44033	18.845	-3.78716	-2.51262	4.4685	18.834	4.43224	18.7188	-3.99012	-3.0422
4.44033	18.845	-3.78716	-2.51262	4.69245	18.4634	4.23416	18.5648	-3.93685	-3.11888
4.16098	18.5321	-3.45177	-2.75277	4.26269	18.481	4.03876	18.4071	-3.88293	-3.19362
4.16098	18.5321	-3.45177	-2.75277	3.42434	18.8357	3.84606	18.2457	-3.82841	-3.26644
3.63957	18.2078	-4.04658	-2.94419	3.45919	18.167	3.65611	18.0807	-3.77339	-3.33732
3.63957	18.2078	-4.04658	-2.94419	4.3011	17.9267	3.46891	17.9122	-3.71795	-3.40627
3.18072	17.8238	-4.2295	-3.29356	3.12525	17.7493	3.28449	17.7402	-3.66215	-3.47331
3.18072	17.8238	-4.2295	-3.29356	2.65664	17.888	3.10287	17.565	-3.60609	-3.53844
2.85025	17.6697	-3.91737	-2.60982	2.9449	17.8154	2.92405	17.3866	-3.54982	-3.60167
2.85025	17.6697	-3.91737	-2.60982	3.26647	17.0897	2.74805	17.2051	-3.49344	-3.66302
2.50573	17.2321	-3.75798	-3.29875	2.55407	17.0853	2.57486	17.0205	-3.437	-3.72251
2.50573	17.2321	-3.75798	-3.29875	2.55039	16.8884	2.4045	16.833	-3.38059	-3.78014
2.1911	16.8646	-3.55154	-3.44525	2.25371	16.8334	2.23695	16.6427	-3.32428	-3.83595
2.1911	16.8646	-3.55154	-3.44525	1.57735	16.0489	2.07221	16.4497	-3.26812	-3.88995
1.86252	16.2936	-3.46185	-4.32873	1.88972	16.1054	1.91027	16.254	-3.21219	-3.94216
1.86252	16.2936	-3.46185	-4.32873	1.74362	16.2687	1.75112	16.0557	-3.15656	-3.99261
1.48229	15.9834	-3.57674	-3.85028	1.44745	16.0853	1.59474	15.8549	-3.10129	-4.04132
1.48229	15.9834	-3.57674	-3.85028	1.6097	15.5526	1.44111	15.6517	-3.04644	-4.08832
1.15394	15.5055	-3.47778	-4.21235	1.18395	15.4284	1.29021	15.4463	-2.99207	-4.13364
1.15394	15.5055	-3.47778	-4.21235	0.828993	15.528	1.14201	15.2386	-2.93825	-4.1773
0.76492	15.0424	-3.61698	-4.3759	0.722706	15.0075	0.996486	15.0288	-2.88503	-4.21933
0.76492	15.0424	-3.61698	-4.3759	1.03147	15.2134	0.853604	14.8169	-2.83246	-4.25977
0.568315	14.6594	-3.05975	-4.16299	0.737301	14.7047	0.71333	14.603	-2.78061	-4.29864
0.568315	14.6594	-3.05975	-4.16299	0.722177	14.2445	0.575628	14.3872	-2.72952	-4.33598
0.257939	14.2211	-3.07461	-4.24865	0.253435	14.2029	0.440459	14.1696	-2.67925	-4.37181
0.257939	14.2211	-3.07461	-4.24865	-0.0328023	13.9604	0.307779	13.9502	-2.62984	-4.40617
0.201862	13.7358	-2.22613	-4.48441	0.459172	13.6856	0.177545	13.7292	-2.58135	-4.43909
0.201862	13.7358	-2.22613	-4.48441	0.0524412	13.6377	0.0497099	13.5065	-2.53381	-4.47061
-0.10456	13.2864	-2.50901	-4.48821	-0.190344	13.2856	-0.0757753	13.2823	-2.48728	-4.50075
-0.10456	13.2864	-2.50901	-4.48821	-0.275043	13.1456	-0.198962	13.0566	-2.44179	-4.52955
-0.156955	12.8881	-1.83901	-4.29103	0.0462308	12.9301	-0.319903	12.8295	-2.39739	-4.55704
-0.156955	12.8881	-1.83901	-4.29103	-0.684792	12.3563	-0.438654	12.6011	-2.35412	-4.58326
-0.407878	12.4067	-2.06522	-4.49488	-0.476482	12.3633	-0.555273	12.3714	-2.31202	-4.60823
-0.407878	12.4067	-2.06522	-4.49488	-0.972122	12.5207	-0.669818	12.1404	-2.27111	-4.63198
-0.598698	12.0017	-2.01222	-4.32162	-0.582624	12.0386	-0.78235	11.9083	-2.23144	-4.65456
-0.598698	12.0017	-2.01222	-4.32162	-1.26757	11.6495	-0.892931	11.6751	-2.19304	-4.67598
-0.98385	11.4762	-2.63302	-4.68536	-1.17212	11.3988	-1.00163	11.4409	-2.15594	-4.69628
-0.98385	11.4762	-2.63302	-4.68536	-0.891441	10.959	-1.1085	11.2057	-2.12017	-4.71549
-1.31917	11.0267	-2.8761	-4.61148	-1.39289	11.0424	-1.21362	10.9695	-2.08575	-4.73364
-1.31917	11.0267	-2.8761	-4.61148	-1.29894	10.9012	-1.31706	10.7324	-2.05273	-4.75075
-1.55246	10.4859	-2.69277	-4.92182	-1.49687	10.4198	-1.41889	10.4945	-2.02111	-4.76686
-1.55246	10.4859	-2.69277	-4.92182	-1.59293	10.0212	-1.51917	10.2559	-1.99093	-4.78198
-1.72143	10.1268	-2.35419	-4.40287	-1.61875	10.2374	-1.61797	10.0165	-1.96221	-4.79615
-1.72143	10.1268	-2.35419	-4.40287	-1.59702	9.96554	-1.71539	9.77637	-1.93498	-4.80939
-1.84663	9.70124	-1.98218	-4.34547	-1.73381	9.71347	-1.81147	9.53564	-1.90924	-4.82172
-1.84663	9.70124	-1.98218	-4.34547	-2.27191	9.37316	-1.90631	9.29431	-1.88502	-4.83316
-1.99221	8.99555	-1.80452	-5.40294	-1.93833	8.77028	-1.99998	9.05243	-1.86233	-4.84374
-1.99221	8.99555	-1.80452	-5.40294	-1.96565	9.13274	-2.09256	8.81003	-1.8412	-4.85347
-2.17471	8.50214	-1.81142	-5.22008	-2.1768	8.5411	-2.18412	8.56717	-1.82164	-4.86238
-2.17471	8.50214	-1.81142	-5.22008	-2.65862	8.19477	-2.27474	8.32388	-1.80365	-4.87047
-2.2881	8.07477	-1.58276	-4.851	-2.21875	8.15339	-2.3645	8.0802	-1.78726	-4.87778
-2.2881	8.07477	-1.58276	-4.851	-2.273	8.52315	-2.45348	7.83617	-1.77248	-4.8843
-2.52068	7.59689	-1.83356	-4.82286	-2.59674	7.60288	-2.54177	7.59184	-1.75931	-4.89006
-2.52068	7.59689	-1.83356	-4.82286	-3.08256	7.38874	-2.62944	7.34723	-1.74777	-4.89507
-2.75079	7.08696	-1.99137	-4.93064	-2.79865	7.064	-2.71658	7.10238	-1.73786	-4.89933
-2.75079	7.08696	-1.99137	-4.93064	-2.79412	7.20818	-2.80326	6.85734	-1.72958	-4.90286
-2.8494	6.74398	-1.65207	-4.34532	-2.74651	6.86867	-2.88957	6.61214	-1.72295	-4.90566
-2.8494	6.74398	-1.65207	-4.34532	-2.57673	6.36755	-2.97559	6.36681	-1.71797	-4.90774
-2.95904	6.26599	-1.46452	-4.51481	-2.90217	6.22989	-3.0614	6.12139	-1.71464	-4.90911
-2.95904	6.26599	-1.46452	-4.51481	-3.50172	6.10796	-3.14709	5.87592	-1.71297	-4.90976
-3.14123	5.65966	-1.58513	-5.11872	-3.1778	5.53101	-3.23274	5.63043	-1.71295	-4.9097
-3.14123	5.65966	-1.58513	-5.11872	-3.19736	5.19093	-3.31843	5.38496	-1.71458	-4.90893
-3.36426	5.12446	-1.80291	-5.20972	-3.43031	5.10507	-3.40424	5.13955	-1.71787	-4.90745
-3.36426	5.12446	-1.80291	-5.20972	-3.4281	4.94644	-3.49026	4.89422	-1.72281	-4.90525
-3.61858	4.55896	-2.05276	-5.38338	-3.69435	4.52196	-3.57657	4.64902	-1.72939	-4.90233
-3.61858	4.55896	-2.05276	-5.38338	-3.50501	4.17643	-3.66325	4.40398	-1.73763	-4.89868
-3.91208	4.03494	-2.35053	-5.32753	-4.00238	4.04684	-3.75039	4.15913	-1.74749	-4.8943
-3.91208	4.03494	-2.35053	-5.32753	-4.06447	4.10977	-3.83806	3.91452	-1.75899	-4.88918
-4.01539	3.63851	-1.90585	-4.79585	-3.88053	3.75177	-3.92635	3.67019	-1.77212	-4.8833
-4.01539	3.63851	-1.90585	-4.79585	-4.23729	3.88878	-4.01533	3.42616	-1.78686	-4.87666
-4.1789	3.19211	-1.81449	-4.66643	-4.15119	3.21968	-4.10509	3.18248	-1.8032	-4.86925
-4.1789	3.19211	-1.81449	-4.66643	-4.27467	2.88187	-4.19571	2.93919	-1.82113	-4.86104
-4.34264	2.62981	-1.75471	-5.0395	-4.32451	2.55034	-4.28727	2.69633	-1.84065	-4.85202
-4.34264	2.62981	-1.75471	-5.0395	-4.38481	2.39989	-4.37985	2.45393	-1.86173	-4.84218
-4.56462	2.10732	-1.9117	-5.11181	-4.61223	2.09192	-4.47352	2.21205	-1.88436	-4.83149
-4.56462	2.10732	-1.9117	-5.11181	-4.29257	1.92854	-4.56836	1.97072	-1.90853	-4.81994
-4.81138	1.56243	-2.09934	-5.24329	-4.86829	1.53442	-4.66444	1.72998	-1.93422	-4.80751
-4.81138	1.56243	-2.09934	-5.24329	-4.98165	1.43611	-4.76186	1.48989	-1.9614	-4.79417
-4.84661	1.17374	-1.50967	-4.71429	-4.66779	1.28643	-4.86066	1.25049	-1.99007	-4.7799
-4.84661	1.17374	-1.50967	-4.71429	-4.98594	1.10894	-4.96095	1.01182	-2.02019	-4.76468
-4.92711	0.769685	-1.27182	-4.45152	-4.85498	0.825661	-5.06277	0.77393	-2.05174	-4.74848
-4.92711	0.769685	-1.27182	-4.45152	-4.84736	0.18101	-5.16621	0.536876	-2.08471	-4.73127
-5.08829	0.287816	-1.38658	-4.59472	-5.1231	0.257311	-5.27133	0.300706	-2.11906	-4.71303
-5.08829	0.287816	-1.38658	-4.59472	-5.99809	-0.290765	-5.3782	0.0654719	-2.15477	-4.69374
-5.26291	-0.194229	-1.50796	-4.68275	-5.29972	-0.212982	-5.4869	-0.168772	-2.1918	-4.67335
-5.26291	-0.194229	-1.50796	-4.68275	-5.64447	-0.144522	-5.59748	-0.401971	-2.23014	-4.65185
-5.63109	-0.544138	-2.24165	-4.22112	-5.85359	-0.445801	-5.71001	-0.634069	-2.26974	-4.62919
-5.63109	-0.544138	-2.24165	-4.22112	-5.30947	-0.724468	-5.82456	-0.865006	-2.31058	-4.60536
-5.86667	-1.13141	-2.28019	-4.86526	-5.87835	-1.26863	-5.94118	-1.09472	-2.35262	-4.58032
-5.86667	-1.13141	-2.28019	-4.86526	-5.68069	-1.52871	-6.05993	-1.32316	-2.39581	-4.55404
-6.18262	-1.55864	-2.57699	-4.634	-6.27263	-1.50938	-6.18087	-1.55025	-2.44014	-4.52648
-6.18262	-1.55864	-2.57699	-4.634	-6.11355	-1.75966	-6.30406	-1.77593	-2.48555	-4.49762
-6.39078	-2.08475	-2.40978	-4.87856	-6.34007	-2.13685	-6.42954	-2.00014	-2.532	-4.46742
-6.39078	-2.08475	-2.40978	-4.87856	-6.99344	-2.17445	-6.55738	-2.22281	-2.57946	-4.43585
-6.71138	-2.50334	-2.67851	-4.60843	-6.79288	-2.4458	-6.68761	-2.44386	-2.62788	-4.40288
-6.71138	-2.50334	-2.67851	-4.60843	-7.14408	-2.67584	-6.82029	-2.66323	-2.6772	-4.36847
-6.89081	-3.03884	-2.38006	-4.89959	-6.8003	-3.10086	-6.95546	-2.88084	-2.7274	-4.3326
-6.89081	-3.03884	-2.38006	-4.89959	-7.13937	-3.22028	-7.09316	-3.09663	-2.7784	-4.29523
-7.12504	-3.38435	-2.36733	-4.33622	-7.12118	-3.26434	-7.23344	-3.3105	-2.83017	-4.25632
-7.12504	-3.38435	-2.36733	-4.33622	-7.77186	-4.08999	-7.37632	-3.5224	-2.88265	-4.21586
-7.42519	-3.63927	-2.58136	-3.6393	-7.49009	-3.49081	-7.52184	-3.73223	-2.93579	-4.1738
-7.42519	-3.63927	-2.58136	-3.6393	-7.52393	-3.88213	-7.67004	-3.93992	-2.98953	-4.13012
-7.78076	-4.16413	-2.91023	-4.26692	-7.88049	-4.29783	-7.82094	-4.14538	-3.04381	-4.08479
-7.78076	-4.16413	-2.91023	-4.26692	-8.08524	-4.57834	-7.97457	-4.34854	-3.09857	-4.03778
-8.14746	-4.70405	-3.16566	-4.70852	-8.22492	-4.79812	-8.13095	-4.5493	-3.15376	-3.98906
-8.14746	-4.70405	-3.16566	-4.70852	-8.453	-4.95621	-8.2901	-4.74759	-3.2093	-3.93862
-8.40052	-5.13721	-2.95132	-4.56152	-8.33552	-5.1059	-8.45204	-4.94331	-3.26514	-3.88641
-8.40052	-5.13721	-2.95132	-4.56152	-8.55062	-4.79248	-8.61678	-5.13637	-3.32121	-3.83242
-8.80394	-5.55194	-3.3168	-4.39996	-8.91477	-5.51752	-8.78433	-5.32669	-3.37745	-3.77663
-8.80394	-5.55194	-3.3168	-4.39996	-9.04115	-5.69364	-8.95469	-5.51417	-3.43377	-3.71901
-9.08536	-5.88855	-3.14716	-3.99677	-9.03391	-5.80267	-9.12788	-5.69872	-3.49012	-3.65955
-9.08536	-5.88855	-3.14716	-3.99677	-8.86897	-5.41973	-9.30388	-5.88026	-3.54643	-3.59823
-9.35463	-6.03449	-2.99378	-3.00717	-9.30811	-5.82368	-9.4827	-6.05868	-3.60261	-3.53503
-9.35463	-6.03449	-2.99378	-3.00717	-9.80646	-6.41174	-9.66432	-6.23389	-3.6586	-3.46994
-9.63991	-6.45776	-2.94618	-3.48513	-9.62547	-6.55958	-9.84874	-6.4058	-3.71431	-3.40295
-9.63991	-6.45776	-2.94618	-3.48513	-10.6688	-6.35543	-10.0359	-6.57431	-3.76969	-3.33404
-10.0779	-6.82143	-3.42998	-3.54425	-10.2246	-6.83402	-10.2259	-6.73933	-3.82463	-3.26321
-10.0779	-6.82143	-3.42998	-3.54425	-10.2205	-6.71044	-10.4186	-6.90075	-3.87907	-3.19046
-10.5893	-7.23907	-3.99835	-3.79078	-10.7616	-7.29159	-10.614	-7.05849	-3.93293	-3.11577
-10.5893	-7.23907	-3.99835	-3.79078	-10.8944	-6.83335	-10.8121	-7.21245	-3.98613	-3.03916
-11.1041	-7.59174	-4.38668	-3.68778	-11.2219	-7.56979	-11.0128	-7.36252	-4.03859	-2.96062
-11.1041	-7.59174	-4.38668	-3.68778	-10.986	-7.3707	-11.2161	-7.50862	-4.09021	-2.88015
-11.3207	-7.80598	-3.63715	-3.08511	-11.0934	-7.6776	-11.422	-7.65064	-4.14093	-2.79777
-11.3207	-7.80598	-3.63715	-3.08511	-11.4213	-7.46085	-11.6304	-7.78849	-4.19066	-2.71349
-11.6066	-7.95446	-3.37432	-2.46097	-11.5269	-7.8215	-11.8413	-7.92208	-4.23932	-2.6273
-11.6066	-7.95446	-3.37432	-2.46097	-11.9422	-7.88317	-12.0546	-8.05131	-4.28682	-2.53924
-12.0162	-8.13923	-3.61786	-2.2218	-12.09	-8.08828	-12.2702	-8.17609	-4.33309	-2.44932
-12.0162	-8.13923	-3.61786	-2.2218	-12.4462	-8.02117	-12.4881	-8.29633	-4.37802	-2.35756
-12.4003	-8.30597	-3.69315	-2.00556	-12.4231	-8.2599	-12.7082	-8.41193	-4.42156	-2.26399
-12.4003	-8.30597	-3.69315	-2.00556	-12.7461	-8.19449	-12.9304	-8.5228	-4.4636	-2.16863
-13.0273	-8.58268	-4.56303	-2.30256	-13.2911	-8.64594	-13.1547	-8.62886	-4.50407	-2.07151
-13.0273	-8.58268	-4.56303	-2.30256	-13.7929	-8.47158	-13.381	-8.73002	-4.54289	-1.97267
-13.4344	-8.68342	-4.3969	-1.79747	-13.384	-8.57583	-13.6092	-8.82619	-4.57997	-1.87214
-13.4344	-8.68342	-4.3969	-1.79747	-13.6376	-8.26344	-13.8392	-8.91729	-4.61524	-1.76997
-13.9343	-8.93389	-4.6001	-2.07327	-13.9959	-8.99264	-14.0709	-9.00324	-4.64861	-1.6662
-13.9343	-8.93389	-4.6001	-2.07327	-14.4737	-8.79552	-14.3043	-9.08395	-4.68001	-1.56086
-14.4106	-9.1665	-4.65509	-2.17187	-14.4273	-9.1875	-14.5391	-9.15936	-4.70936	-1.45402
-14.4106	-9.1665	-4.65509	-2.17187	-14.5757	-9.32634	-14.7754	-9.22939	-4.73658	-1.34573
-14.968	-9.19812	-4.96522	-1.44818	-15.062	-9.04396	-15.013	-9.29397	-4.76161	-1.23603
-14.968	-9.19812	-4.96522	-1.44818	-15.6189	-9.69365	-15.2517	-9.35302	-4.78436	-1.125
-15.5652	-9.46559	-5.30501	-1.92653	-15.6682	-9.56749	-15.4916	-9.40649	-4.80476	-1.01269
-15.5652	-9.46559	-5.30501	-1.92653	-15.9382	-9.35751	-15.7324	-9.45431	-4.82275	-0.899159
-16.091	-9.62544	-5.28925	-1.79859	-16.0862	-9.59819	-15.9741	-9.49642	-4.83827	-0.784484
-16.091	-9.62544	-5.28925	-1.79859	-16.6033	-8.85459	-16.2164	-9.53277	-4.85124	-0.668734
-16.5225	-9.56769	-4.96055	-0.871917	-16.4229	-9.37029	-16.4594	-9.5633	-4.8616	-0.55198
-16.5225	-9.56769	-4.96055	-0.871917	-16.011	-9.33486	-16.7027	-9.58797	-4.8693	-0.434301
-17.0653	-9.53229	-5.11832	-0.393784	-17.1132	-9.43043	-16.9464	-9.60673	-4.87427	-0.315773
-17.0653	-9.53229	-5.11832	-0.393784	-16.9255	-10.8571	-17.1903	-9.61954	-4.87646	-0.196479
-17.5612	-9.5734	-5.06432	-0.400563	-17.5448	-9.57485	-17.4342	-9.62636	-4.87583	-0.0765024
-17.5612	-9.5734	-5.06432	-0.400563	-18.1371	-9.39146	-17.6781	-9.62717	-4.87232	0.0440703
-18.0206	-9.50942	-4.90559	0.00519432	-17.9724	-9.42299	-17.9216	-9.62194	-4.86588	0.165151
-18.0206	-9.50942	-4.90559	0.00519432	-18.3083	-9.18778	-18.1648	-9.61064	-4.85648	0.286648
-18.3951	-9.56411	-4.51381	-0.210112	-18.2763	-9.60997	-18.4074	-9.59325	-4.84408	0.40847
-18.3951	-9.56411	-4.51381	-0.210112	-18.2443	-9.58547	-18.6493	-9.56977	-4.82864	0.530522
-18.8998	-9.54706	-4.69401	-0.0616896	-18.9545	-9.51544	-18.8904	-9.54017	-4.81012	0.652707
-18.8998	-9.54706	-4.69401	-0.0616896	-18.6983	-9.02886	-19.1305	-9.50447	-4.78851	0.774927
-19.3342	-9.30494	-4.57569	0.90667	-19.2983	-9.09865	-19.3694	-9.46265	-4.76378	0.897083
-19.3342	-9.30494	-4.57569	0.90667	-19.7037	-8.79906	-19.6069	-9.41472	-4.73591	1.01907
-19.832	-9.07766	-4.71144	1.43943	-19.8731	-8.96417	-19.8431	-9.36071	-4.70487	1.1408
-19.832	-9.07766	-4.71144	1.43943	-20.3815	-7.6755	-20.0775	-9.30061	-4.67066	1.26215
-20.2328	-9.29581	-4.47397	0.0272748	-20.1607	-9.59663	-20.3102	-9.23446	-4.63328	1.38303
-20.2328	-9.29581	-4.47397	0.0272748	-20.4587	-9.7448	-20.5409	-9.16227	-4.59271	1.50334
-20.67	-9.08672	-4.43962	0.832095	-20.6596	-8.91527	-20.7696	-9.08409	-4.54895	1.62296
-20.67	-9.08672	-4.43962	0.832095	-21.5568	-8.5005	-20.9959	-8.99994	-4.50202	1.74179
-21.0673	-8.92011	-4.28218	1.15737	-21.0195	-8.85081	-21.2198	-8.90987	-4.45191	1.85972
-21.0673	-8.92011	-4.28218	1.15737	-21.8628	-8.64129	-21.4412	-8.81393	-4.39865	1.97666
-21.4991	-8.84126	-4.29444	1.01349	-21.5029	-8.87191	-21.6597	-8.71217	-4.34224	2.0925
-21.4991	-8.84126	-4.29444	1.01349	-21.9514	-7.41274	-21.8754	-8.60465	-4.2827	2.20712
-21.9537	-8.64759	-4.3791	1.37355	-21.9793	-8.57089	-22.0881	-8.49143	-4.22007	2.32043
-21.9537	-8.64759	-4.3791	1.37355	-22.1914	-7.70392	-22.2975	-8.37258	-4.15437	2.43232
-22.4866	-8.42433	-4.69972	1.70859	-22.5838	-8.35296	-22.5035	-8.24817	-4.08564	2.5427
-22.4866	-8.42433	-4.69972	1.70859	-22.3177	-8.57758	-22.7061	-8.11829	-4.01391	2.65145
-22.9711	-7.93608	-4.749	2.9464	-22.9861	-7.6724	-22.9049	-7.98301	-3.93923	2.75848
-22.9711	-7.93608	-4.749	2.9464	-23.2693	-8.32031	-23.1	-7.84243	-3.86163	2.8637
-23.4617	-7.60014	-4.80184	3.10747	-23.4777	-7.56583	-23.2911	-7.69663	-3.78118	2.967
-23.4617	-7.60014	-4.80184	3.10747	-23.473	-7.02103	-23.4781	-7.54572	-3.69792	3.06828
-23.7437	-7.32834	-4.13281	2.95559	-23.5408	-7.36069	-23.6609	-7.3898	-3.61191	3.16746
-23.7437	-7.32834	-4.13281	2.95559	-24.0505	-6.56968	-23.8393	-7.22897	-3.52321	3.26445
-24.0489	-7.15782	-3.76824	2.46793	-23.9384	-7.26171	-24.0132	-7.06336	-3.43189	3.35916
-24.0489	-7.15782	-3.76824	2.46793	-24.3577	-5.94086	-24.1825	-6.89307	-3.33801	3.45149
-24.3425	-6.65113	-3.48737	3.48155	-24.2574	-6.4352	-24.347	-6.71823	-3.24166	3.54138
-24.3425	-6.65113	-3.48737	3.48155	-24.788	-7.18367	-24.5066	-6.53896	-3.14289	3.62873
-24.4983	-6.37672	-2.836	3.19393	-24.3008	-6.43799	-24.6612	-6.35538	-3.0418	3.71347
-24.4983	-6.37672	-2.836	3.19393	-24.6108	-6.00878	-24.8107	-6.16764	-2.93846	3.79553
-24.9618	-5.98178	-3.44325	3.48856	-25.146	-5.91902	-24.955	-5.97587	-2.83295	3.87484
-24.9618	-5.98178	-3.44325	3.48856	-24.8975	-5.02285	-25.094	-5.7802	-2.72537	3.95132
-25.2508	-5.63882	-3.25638	3.46556	-25.1941	-5.64372	-25.2276	-5.58079	-2.61581	4.02492
-25.2508	-5.63882	-3.25638	3.46556	-25.5328	-5.4399	-25.3556	-5.37777	-2.50435	4.09557
-25.5739	-5.18856	-3.24779	3.87001	-25.5713	-5.10241	-25.4779	-5.1713	-2.39109	4.16322
-25.5739	-5.18856	-3.24779	3.87001	-25.0178	-6.55904	-25.5946	-4.96152	-2.27613	4.22781
-25.7981	-4.8553	-2.90842	3.66042	-25.6952	-4.89995	-25.7055	-4.7486	-2.15956	4.2893
-25.7981	-4.8553	-2.90842	3.66042	-25.8162	-4.40681	-25.8105	-4.53268	-2.04149	4.34764
-26.0211	-4.36763	-2.67932	4.13476	-25.9516	-4.26659	-25.9096	-4.31392	-1.92202	4.40279
-26.0211	-4.36763	-2.67932	4.13476	-26.8953	-4.43966	-26.0027	-4.0925	-1.80125	4.45471
-26.2054	-3.8029	-2.39713	4.72468	-26.1198	-3.67723	-26.0897	-3.86856	-1.67928	4.50337
-26.2054	-3.8029	-2.39713	4.72468	-26.5652	-3.85723	-26.1706	-3.64227	-1.55623	4.54875
-26.2238	-3.28498	-1.65034	4.90194	-25.9974	-3.24722	-26.2453	-3.41381	-1.4322	4.59081
-26.2238	-3.28498	-1.65034	4.90194	-26.2976	-3.01078	-26.3138	-3.18332	-1.30729	4.62954
-26.2827	-2.8407	-1.29214	4.72285	-26.1741	-2.87885	-26.376	-2.95098	-1.18162	4.66493
-26.2827	-2.8407	-1.29214	4.72285	-26.4681	-3.44967	-26.4319	-2.71697	-1.05529	4.69696
-26.5415	-2.57057	-1.72927	3.93446	-26.674	-2.73852	-26.4815	-2.48143	-0.928411	4.72562
-26.5415	-2.57057	-1.72927	3.93446	-26.657	-1.72382	-26.5247	-2.24456	-0.80109	4.75091
-26.692	-2.17505	-1.65377	3.94254	-26.6691	-2.17333	-26.5616	-2.0065	-0.673434	4.77284
-26.692	-2.17505	-1.65377	3.94254	-26.3248	-1.32261	-26.5921	-1.76744	-0.545553	4.79141
-26.6645	-1.64494	-1.00277	4.47239	-26.4671	-1.53207	-26.6161	-1.52753	-0.417552	4.80664
-26.6645	-1.64494	-1.00277	4.47239	-26.4998	-2.19526	-26.6338	-1.28695	-0.289538	4.81852
-26.6832	-1.1677	-0.727474	4.58941	-26.5998	-1.14277	-26.6451	-1.04586	-0.161616	4.8271
-26.6832	-1.1677	-0.727474	4.58941	-27.2008	-1.67679	-26.65	-0.804425	-0.0338883	4.83238
-26.7458	-0.646834	-0.69324	4.83091	-26.7355	-0.59539	-26.6485	-0.562811	0.0935412	4.83439
-26.7458	-0.646834	-0.69324	4.83091	-26.9891	0.0351487	-26.6406	-0.321181	0.220572	4.83317
-26.6373	-0.0413872	-0.0930523	5.3081	-26.4553	0.0602653	-26.6264	-0.0796947	0.347104	4.82874
-26.6373	-0.0413872	-0.0930523	5.3081	-26.9537	0.136943	-26.6059	0.161489	0.473041	4.82116
-26.6335	0.536647	-0.0488359	5.49227	-26.6201	0.57588	-26.5792	0.402213	0.598287	4.81045
-26.6335	0.536647	-0.0488359	5.49227	-26.8241	0.381506	-26.5462	0.642323	0.722748	4.79667
-26.6833	1.07219	-0.200381	5.43891	-26.7293	1.06082	-26.5069	0.881666	0.846334	4.77986
-26.6833	1.07219	-0.200381	5.43891	-25.9562	2.60409	-26.4616	1.12009	0.968955	4.76007
-26.5528	1.51014	0.307925	5.02573	-26.3986	1.42212	-26.4101	1.35745	1.09053	4.73737
-26.5528	1.51014	0.307925	5.02573	-26.5072	-0.563928	-26.3526	1.59361	1.21096	4.71181
-26.4417	1.89279	0.57903	4.55801	-26.3594	1.79315	-26.2891	1.82841	1.33018	4.68345
-26.4417	1.89279	0.57903	4.55801	-26.3475	1.82827	-26.2197	2.06173	1.44811	4.65235
-26.3177	2.25913	0.801824	4.20913	-26.2502	2.18481	-26.1444	2.29342	1.56467	4.61859
-26.3177	2.25913	0.801824	4.20913	-26.069	2.27896	-26.0633	2.52336	1.67979	4.58223
-26.1519	2.74939	1.09112	4.47959	-26.0641	2.80701	-25.9765	2.75141	1.79339	4.54334
-26.1519	2.74939	1.09112	4.47959	-26.3234	3.02388	-25.8841	2.97746	1.90543	4.502
-25.9398	3.31899	1.43848	4.954	-25.8345	3.42005	-25.7861	3.20139	2.01582	4.45828
-25.9398	3.31899	1.43848	4.954	-26.1824	3.73376	-25.6826	3.42306	2.12452	4.41227
-25.732	3.71645	1.65425	4.57203	-25.6666	3.63509	-25.5737	3.64239	2.23146	4.36404
-25.732	3.71645	1.65425	4.57203	-25.5773	3.13316	-25.4596	3.85924	2.3366	4.31367
-25.6569	4.07863	1.34965	4.20141	-25.7492	3.99968	-25.3402	4.07353	2.43989	4.26125
-25.6569	4.07863	1.34965	4.20141	-25.3516	3.75691	-25.2157	4.28514	2.54127	4.20686
-25.2746	4.51475	2.18441	4.26374	-25.0214	4.52803	-25.0863	4.49399	2.64071	4.15058
-25.2746	4.51475	2.18441	4.26374	-24.2719	4.30917	-24.9518	4.69998	2.73817	4.09251
-25.0463	4.91046	2.21749	4.14417	-25.0363	4.88499	-24.8126	4.90303	2.83361	4.03273
-25.0463	4.91046	2.21749	4.14417	-24.3609	4.95947	-24.6686	5.10304	2.92701	3.97132
-24.6662	5.3402	2.75198	4.20392	-24.5041	5.35293	-24.5201	5.29995	3.01833	3.90839
-24.6662	5.3402	2.75198	4.20392	-24.4379	5.24592	-24.367	5.49367	3.10754	3.84401
-24.2551	5.67917	3.21089	3.88636	-24.1159	5.61152	-24.2095	5.68414	3.19464	3.77827
-24.2551	5.67917	3.21089	3.88636	-24.5638	4.75836	-24.0477	5.8713	3.27959	3.71127
-23.9247	6.00006	3.24205	3.62214	-23.9153	5.94377	-23.8818	6.05508	3.36239	3.64309
-23.9247	6.00006	3.24205	3.62214	-23.5491	6.44495	-23.7117	6.23542	3.44302	3.57383
-23.6235	6.32335	3.16441	3.47036	-23.6471	6.29102	-23.5377	6.41227	3.52148	3.50357
-23.6235	6.32335	3.16441	3.47036	-23.7544	6.53746	-23.3598	6.58559	3.59775	3.4324
-23.1602	6.77495	3.66017	3.87816	-23.0099	6.86182	-23.1781	6.75533	3.67185	3.36041
-23.1602	6.77495	3.66017	3.87816	-22.7862	5.74143	-22.9928	6.92146	3.74376	3.28768
-22.7472	7.10828	3.81877	3.66564	-22.6991	7.063	-22.804	7.08393	3.8135	3.21431
-22.7472	7.10828	3.81877	3.66564	-22.418	6.76159	-22.6117	7.24273	3.88106	3.14038
-22.436	7.38767	3.58029	3.32566	-22.5083	7.31524	-22.4161	7.39782	3.94647	3.06598
-22.436	7.38767	3.58029	3.32566	-22.0543	7.85452	-22.2173	7.54917	4.00974	2.99118
-22.1356	7.70633	3.3856	3.27145	-22.1947	7.69478	-22.0154	7.69679	4.07087	2.91607
-22.1356	7.70633	3.3856	3.27145	-21.6178	9.0351	-21.8105	7.84064	4.12989	2.84074
-21.7231	7.98242	3.63549	3.07232	-21.6473	7.94	-21.6026	7.98072	4.18681	2.76526
-21.7231	7.98242	3.63549	3.07232	-21.8637	7.78661	-21.392	8.11703	4.24166	2.68971
-21.224	8.03984	4.09293	2.09805	-21.0853	7.83229	-21.1787	8.24957	4.29447	2.61417
-21.224	8.03984	4.09293	2.09805	-20.5503	9.28616	-20.9628	8.37833	4.34526	2.53871
-20.9319	8.39176	3.69721	2.65232	-21.0519	8.50983	-20.7444	8.50333	4.39406	2.46341
-20.9319	8.39176	3.69721	2.65232	-19.9265	9.40847	-20.5237	8.62457	4.4409	2.38835
-20.3882	8.67455	4.28467	2.7208	-20.21	8.68914	-20.3006	8.74206	4.48582	2.31358
-20.3882	8.67455	4.28467	2.7208	-20.2277	8.8532	-20.0753	8.85583	4.52884	2.23919
-20.0109	8.90327	4.11191	2.55166	-20.0633	8.86724	-19.848	8.96589	4.57001	2.16524
-20.0109	8.90327	4.11191	2.55166	-19.9264	8.78179	-19.6186	9.07227	4.60937	2.09179
-19.5435	9.05368	4.30139	2.14311	-19.4861	8.96665	-19.3873	9.17499	4.64694	2.01891
-19.5435	9.05368	4.30139	2.14311	-18.5719	10.2069	-19.1542	9.27409	4.68278	1.94666
-18.8985	9.22643	5.02656	1.98105	-18.6786	9.19191	-18.9193	9.36959	4.71692	1.8751
-18.8985	9.22643	5.02656	1.98105	-19.2825	8.98189	-18.6827	9.46154	4.7494	1.80429
-18.4099	9.44856	4.9794	2.07474	-18.4242	9.46852	-18.4446	9.54996	4.78028	1.73429
-18.4099	9.44856	4.9794	2.07474	-18.1634	8.72444	-18.2049	9.63492	4.80959	1.66514
-17.8436	9.69358	5.21005	2.22118	-17.7736	9.72478	-17.9639	9.71643	4.83737	1.59691
-17.8436	9.69358	5.21005	2.22118	-17.2296	9.97767	-17.7214	9.79457	4.86368	1.52964
-17.333	9.8968	5.17503	2.14746	-17.3436	9.88109	-17.4777	9.86936	4.88856	1.46338
-17.333	9.8968	5.17503	2.14746	-17.1554	10.212	-17.2328	9.94087	4.91205	1.39818
-16.8511	10.1298	5.05477	2.21871	-16.8876	10.145	-16.9868	10.0091	4.93421	1.33408
-16.8511	10.1298	5.05477	2.21871	-16.5958	10.1078	-16.7396	10.0743	4.95507	1.27113
-16.4295	10.3284	4.77169	2.12804	-16.5153	10.3091	-16.4915	10.1362	4.97469	1.20937
-16.4295	10.3284	4.77169	2.12804	-16.09	10.5824	-16.2424	10.1952	4.99311	1.14883
-15.9788	10.3463	4.68222	1.36768	-16.006	10.1843	-15.9924	10.2511	5.01039	1.08956
-15.9788	10.3463	4.68222	1.36768	-15.7234	10.41	-15.7416	10.3041	5.02655	1.03159
-15.5399	10.3232	4.58336	0.74428	-15.5699	10.1904	-15.4899	10.3543	5.04166	0.974957
-15.5399	10.3232	4.58336	0.74428	-14.2385	10.9109	-15.2376	10.4016	5.05576	0.919692
-15.0099	10.4383	4.82533	0.903098	-14.9365	10.4722	-14.9846	10.4462	5.06889	0.865828
-15.0099	10.4383	4.82533	0.903098	-14.724	9.63507	-14.7309	10.4882	5.0811	0.813394
-14.4688	10.3612	5.02298	0.249865	-14.4088	10.222	-14.4766	10.5276	5.09243	0.762418
-14.4688	10.3612	5.02298	0.249865	-13.9005	10.5238	-14.2218	10.5645	5.10293	0.712926
-13.8866	10.6878	5.29254	1.42614	-13.8049	10.9383	-13.9665	10.5989	5.11263	0.664944
-13.8866	10.6878	5.29254	1.42614	-13.3956	10.7857	-13.7107	10.631	5.12159	0.618496
-13.3565	10.6782	5.29546	0.832503	-13.3556	10.5517	-13.4545	10.6608	5.12983	0.573603
-13.3565	10.6782	5.29546	0.832503	-12.9374	10.8137	-13.1979	10.6884	5.13741	0.530288
-12.8922	10.8971	5.0751	1.36183	-12.9591	11.0099	-12.9409	10.7138	5.14436	0.48857
-12.8922	10.8971	5.0751	1.36183	-12.2518	11.2495	-12.6836	10.7373	5.15071	0.448467
-12.3781	10.8016	5.09743	0.458239	-12.3713	10.6091	-12.426	10.7587	5.15651	0.409997
-12.3781	10.8016	5.09743	0.458239	-11.9352	10.9161	-12.1681	10.7783	5.16179	0.373177
-11.9063	10.9589	4.96945	0.892915	-11.9451	11.0515	-11.91	10.7961	5.16658	0.338022
-11.9063	10.9589	4.96945	0.892915	-10.9703	10.9676	-11.6516	10.8121	5.17092	0.304546
-11.4318	10.9895	4.89356	0.66386	-11.4548	10.9407	-11.393	10.8265	5.17484	0.272761
-11.4318	10.9895	4.89356	0.66386	-11.3472	10.5111	-11.1342	10.8394	5.17836	0.242681
-10.7737	10.8518	5.46333	-0.131995	-10.6009	10.6823	-10.8753	10.8509	5.18153	0.214317
-10.7737	10.8518	5.46333	-0.131995	-10.6563	10.8369	-10.6161	10.8609	5.18435	0.187679
-10.3197	10.8583	5.15157	-0.0551709	-10.4142	10.8747	-10.3569	10.8697	5.18687	0.162776
-10.3197	10.8583	5.15157	-0.0551709	-9.90413	11.2255	-10.0976	10.8772	5.1891	0.139618
-9.81931	10.9896	5.10167	0.478331	-9.83445	11.1032	-9.83809	10.8837	5.19106	0.118212
-9.81931	10.9896	5.10167	0.478331	-10.195	10.3498	-9.57852	10.8891	5.19278	0.0985664
-9.30789	11.036	5.10591	0.472718	-9.3066	11.0348	-9.31887	10.8936	5.19428	0.0806865
-9.30789	11.036	5.10591	0.472718	-9.2226	10.3527	-9.05915	10.8972	5.19557	0.0645787
-8.79319	11.0764	5.11977	0.445945	-8.78899	11.0707	-8.79937	10.9001	5.19667	0.050248
-8.79319	11.0764	5.11977	0.445945	-8.83914	10.0319	-8.53953	10.9023	5.19759	0.0376992
-8.44885	10.8679	4.55395	-0.540988	-8.62045	10.6577	-8.27965	10.9039	5.19835	0.0269359
-8.44885	10.8679	4.55395	-0.540988	-7.91543	11.1157	-8.01974	10.905	5.19896	0.0179617
-7.75934	10.9158	5.34413	-0.14338	-7.51971	11.0005	-7.75979	10.9057	5.19942	0.0107791
-7.75934	10.9158	5.34413	-0.14338	-7.25987	10.6458	-7.49981	10.9061	5.19975	0.00539029
-7.19102	10.8542	5.45858	-0.327374	-7.15631	10.815	-7.23983	10.9063	5.19994	0.00179692
-7.19102	10.8542	5.45858	-0.327374	-7.39396	11.0181	-6.97983	10.9064	5.2	-7.84874e-15
