0.0001	0.0001	5.19975	0.00179686	0.312243	0.58034	0.6	0.6	5.19994	0
0.862916	0.534212	4.16013	2.57544	0.862916	0.534212	0.859997	0.600045	5.19975	0.00179686
0.862916	0.534212	4.16013	2.57544	1.17385	0.481073	1.11998	0.600225	5.19943	0.00538996
1.15196	0.531433	3.94548	2.22178	0.969149	0.397513	1.37996	0.600629	5.19898	0.0107781
1.15196	0.531433	3.94548	2.22178	1.65063	0.62469	1.6399	0.601347	5.19839	0.0179597
1.61502	0.660625	4.57251	2.15539	1.62331	0.499091	1.89982	0.60247	5.19766	0.0269323
1.61502	0.660625	4.57251	2.15539	2.18882	0.648739	2.1597	0.604086	5.19678	0.0376932
2.06039	0.772882	4.69471	1.84708	1.96701	0.557117	2.41954	0.606284	5.19573	0.0502389
2.06039	0.772882	4.69471	1.84708	2.65526	0.66598	2.67932	0.609155	5.1945	0.0645654
2.6474	0.855334	4.98977	1.44839	2.92034	0.645898	2.93904	0.612786	5.19309	0.080668
2.6474	0.855334	4.98977	1.44839	3.01222	0.637046	3.19869	0.617267	5.19147	0.0985415
3.26078	0.845932	5.16605	0.891989	3.56096	0.485311	3.45825	0.622685	5.18963	0.11818
3.26078	0.845932	5.16605	0.891989	3.89365	0.311793	3.71772	0.62913	5.18754	0.139576
3.88385	0.835329	5.41148	0.610847	4.19786	0.698311	3.97708	0.636689	5.18519	0.162724
3.88385	0.835329	5.41148	0.610847	4.30935	0.578564	4.23632	0.645449	5.18256	0.187614
4.44926	0.838757	5.23862	0.402505	4.61908	0.68951	4.49542	0.655498	5.17962	0.214238
4.44926	0.838757	5.23862	0.402505	4.35143	0.899174	4.75437	0.666921	5.17634	0.242587
4.99629	0.815087	4.99325	0.189176	5.20901	0.66599	5.01315	0.679804	5.1727	0.272649
4.99629	0.815087	4.99325	0.189176	5.51894	0.648233	5.27175	0.694234	5.16867	0.304413
5.48446	0.805811	5.30368	0.167154	5.22834	0.639362	5.53013	0.710295	5.16422	0.337868
5.48446	0.805811	5.30368	0.167154	6.022	0.708619	5.78828	0.728072	5.15932	0.372999
5.98662	0.732886	5.02995	-0.0777965	5.89392	0.373584	6.04618	0.747647	5.15393	0.409793
5.98662	0.732886	5.02995	-0.0777965	6.34249	0.948833	6.30379	0.769103	5.14803	0.448233
6.50755	0.735835	5.05044	-0.0455512	6.62134	0.836138	6.5611	0.792523	5.14157	0.488305
6.50755	0.735835	5.05044	-0.0455512	6.78214	0.714036	6.81808	0.817988	5.13452	0.52999
7.03121	0.692371	4.81247	-0.132546	7.29121	0.630741	7.07469	0.845578	5.12685	0.573269
7.03121	0.692371	4.81247	-0.132546	7.13735	0.957217	7.3309	0.875373	5.11851	0.618123
7.62268	0.655973	5.34398	-0.0993926	8.08349	0.819605	7.58668	0.907449	5.10946	0.664531
7.62268	0.655973	5.34398	-0.0993926	7.80533	0.719126	7.84199	0.941886	5.09966	0.712469
8.15502	0.686159	4.95552	-0.0383768	8.40453	0.884557	8.0968	0.978759	5.08907	0.761915
8.15502	0.686159	4.95552	-0.0383768	8.24796	0.840322	8.35106	1.01814	5.07766	0.812843
8.65931	0.848493	5.39083	0.283865	8.45858	1.41118	8.60472	1.06011	5.06537	0.865226
8.65931	0.848493	5.39083	0.283865	8.74615	1.04858	8.85775	1.10473	5.05216	0.919037
9.26533	0.963996	5.32783	0.430505	9.8809	1.1419	9.1101	1.15208	5.03798	0.974245
9.26533	0.963996	5.32783	0.430505	9.25579	1.04913	9.36172	1.20223	5.0228	1.03082
9.82715	1.14207	5.31526	0.64287	10.1016	1.52474	9.61255	1.25524	5.00656	1.08873
9.82715	1.14207	5.31526	0.64287	10.0484	1.44598	9.86254	1.31118	4.98922	1.14794
10.3473	1.31812	4.93277	0.726556	10.5377	1.72555	10.1117	1.37011	4.97074	1.20841
10.3473	1.31812	4.93277	0.726556	10.2492	1.45907	10.3598	1.4321	4.95106	1.2701
10.824	1.45428	4.6358	0.744326	10.9084	1.70343	10.6069	1.49721	4.93014	1.33298
10.824	1.45428	4.6358	0.744326	10.7313	1.45265	10.853	1.56549	4.90794	1.39701
11.3294	1.55273	4.96034	0.84339	11.4783	1.42876	11.0979	1.637	4.8844	1.46213
11.3294	1.55273	4.96034	0.84339	11.587	1.61462	11.3416	1.71179	4.85948	1.52832
11.7848	1.56114	4.83055	0.741072	11.4763	1.53917	11.584	1.78992	4.83313	1.59551
11.7848	1.56114	4.83055	0.741072	11.7788	1.74591	11.8251	1.87144	4.80531	1.66366
12.272	1.72731	5.08197	0.935282	12.136	2.14937	12.0647	1.95639	4.77598	1.73273
12.272	1.72731	5.08197	0.935282	12.3226	1.78353	12.3029	2.04482	4.74508	1.80265
12.7651	1.79248	5.17215	0.947078	12.5457	1.77728	12.5394	2.13677	4.71257	1.87338
12.7651	1.79248	5.17215	0.947078	12.5924	2.17509	12.7743	2.23227	4.67842	1.94485
13.2804	2.03928	5.28196	1.17857	13.2198	2.6644	13.0075	2.33137	4.64258	2.01701
13.2804	2.03928	5.28196	1.17857	13.0875	2.40708	13.2388	2.43409	4.605	2.08981
13.6584	2.16253	4.58145	1.07223	12.7087	3.12439	13.4682	2.54047	4.56565	2.16317
13.6584	2.16253	4.58145	1.07223	13.836	2.62479	13.6955	2.65053	4.52448	2.23703
14.0905	2.33485	4.62523	1.19772	13.8302	2.73893	13.9208	2.7643	4.48147	2.31134
14.0905	2.33485	4.62523	1.19772	14.2106	2.94205	14.1439	2.88179	4.43656	2.38601
14.5709	2.56399	4.93343	1.43446	14.5568	2.87021	14.3646	3.00303	4.38974	2.46099
14.5709	2.56399	4.93343	1.43446	14.4616	2.90734	14.583	3.12802	4.34097	2.5362
15.0208	2.91619	4.90327	1.71366	14.6754	3.96041	14.7989	3.25679	4.29021	2.61157
15.0208	2.91619	4.90327	1.71366	15.0261	3.5067	15.0122	3.38932	4.23744	2.68703
15.468	3.25381	4.54591	1.76217	15.3685	4.14761	15.2228	3.52563	4.18263	2.76249
15.468	3.25381	4.54591	1.76217	15.5236	3.82936	15.4306	3.66572	4.12575	2.83789
15.9122	3.35468	4.52607	1.69136	15.7234	3.4105	15.6355	3.80957	4.06678	2.91315
15.9122	3.35468	4.52607	1.69136	15.9774	4.00094	15.8375	3.95719	4.00571	2.98817
16.3326	3.66185	4.25008	1.73026	16.3376	4.21632	16.0363	4.10854	3.94251	3.0629
16.3326	3.66185	4.25008	1.73026	16.3313	4.44499	16.2319	4.26363	3.87716	3.13723
16.7528	3.99684	4.35038	1.95533	16.7586	4.48231	16.4242	4.42242	3.80966	3.21109
16.7528	3.99684	4.35038	1.95533	16.6039	4.67344	16.613	4.5849	3.74	3.28438
17.1263	4.27029	3.80909	1.78071	16.9236	5.10119	16.7983	4.75103	3.66817	3.35704
17.1263	4.27029	3.80909	1.78071	16.9955	5.21099	16.9799	4.92077	3.59416	3.42897
17.4995	4.45052	3.86181	1.83578	17.3421	4.64623	17.1579	5.09409	3.51797	3.50008
17.4995	4.45052	3.86181	1.83578	17.2894	5.43542	17.3319	5.27094	3.4396	3.57028
17.864	4.59447	3.75767	1.77808	17.6463	4.74597	17.5019	5.45128	3.35907	3.63949
17.864	4.59447	3.75767	1.77808	17.7853	5.62476	17.6679	5.63506	3.27637	3.70762
18.1812	4.98913	3.5479	1.93051	17.9216	6.07151	17.8297	5.82221	3.19151	3.77458
18.1812	4.98913	3.5479	1.93051	18.1263	6.16985	17.9872	6.01269	3.10453	3.84027
18.4766	5.48937	3.54881	2.29642	18.1245	6.79027	18.1402	6.20641	3.01542	3.90462
18.4766	5.48937	3.54881	2.29642	18.2164	6.66138	18.2888	6.40332	2.92421	3.96753
18.7718	5.90666	3.36417	2.41019	18.4022	7.02231	18.4328	6.60333	2.83093	4.0289
18.7718	5.90666	3.36417	2.41019	18.5422	6.76013	18.572	6.80638	2.7356	4.08867
19.0605	6.37943	3.39259	2.70724	18.8089	7.24388	18.7064	7.01237	2.63825	4.14672
19.0605	6.37943	3.39259	2.70724	19.1441	7.18344	18.8359	7.22122	2.53893	4.20299
19.386	6.38054	3.06529	2.27561	18.5479	7.4012	18.9604	7.43283	2.43767	4.25737
19.386	6.38054	3.06529	2.27561	19.0138	7.8688	19.0798	7.64712	2.3345	4.3098
19.6503	6.7705	3.09975	2.50063	19.3089	7.67375	19.1939	7.86397	2.22949	4.36017
19.6503	6.7705	3.09975	2.50063	19.132	8.12845	19.3028	8.08329	2.12266	4.40842
19.8974	7.04885	3.03136	2.62515	19.0239	8.17194	19.4062	8.30497	2.01409	4.45445
19.8974	7.04885	3.03136	2.62515	19.347	8.30741	19.5042	8.5289	1.90381	4.49819
20.1355	7.40755	2.75405	2.57513	19.6843	8.35902	19.5966	8.75494	1.7919	4.53956
20.1355	7.40755	2.75405	2.57513	20.0039	8.8906	19.6835	8.983	1.67841	4.57848
20.3051	7.91343	2.48582	2.69925	19.6061	9.48659	19.7645	9.21294	1.56341	4.61488
20.3051	7.91343	2.48582	2.69925	20.1574	9.45949	19.8398	9.44463	1.44697	4.64869
20.4716	8.28416	2.20678	2.66013	19.6163	9.76606	19.9093	9.67795	1.32916	4.67984
20.4716	8.28416	2.20678	2.66013	20.1573	9.90876	19.9728	9.91275	1.21005	4.70826
20.5196	9.04603	2.1626	3.28656	19.1911	11.5493	20.0303	10.1489	1.08972	4.73389
20.5196	9.04603	2.1626	3.28656	20.166	10.4687	20.0818	10.3863	0.968259	4.75666
20.723	9.23758	1.87643	2.90586	19.6775	10.803	20.1271	10.6247	0.845742	4.77652
20.723	9.23758	1.87643	2.90586	20.371	11.0109	20.1663	10.864	0.722256	4.7934
20.7363	9.96433	1.72156	3.35116	19.4335	12.3402	20.1993	11.1041	0.597892	4.80727
20.7363	9.96433	1.72156	3.35116	20.3164	11.3483	20.2261	11.3449	0.472738	4.81807
20.9092	10.0299	1.26452	2.66664	19.2063	12.2418	20.2466	11.5861	0.346889	4.82575
20.9092	10.0299	1.26452	2.66664	20.6141	11.9422	20.2608	11.8275	0.220439	4.83027
20.9709	10.4838	1.52812	3.24283	19.966	11.9688	20.2687	12.0692	0.093487	4.83159
20.9709	10.4838	1.52812	3.24283	20.3263	12.4966	20.2701	12.3108	-0.0338694	4.82968
21.0292	10.8636	1.00117	2.81564	20.0192	12.4823	20.2652	12.5522	-0.161529	4.82451
21.0292	10.8636	1.00117	2.81564	20.498	12.8924	20.254	12.7933	-0.28939	4.81605
21.0219	11.4461	0.882165	2.98753	20.9151	12.2555	20.2363	13.0339	-0.417348	4.80428
21.0219	11.4461	0.882165	2.98753	20.1943	13.1688	20.2122	13.2738	-0.545298	4.78918
21.0005	11.9127	0.712399	3.10808	19.858	13.5236	20.1818	13.5129	-0.673135	4.77072
21.0005	11.9127	0.712399	3.10808	20.3245	13.8896	20.1449	13.7509	-0.800753	4.74892
20.9666	12.3876	0.413061	2.96709	20.3387	13.5307	20.1017	13.9878	-0.928043	4.72374
20.9666	12.3876	0.413061	2.96709	20.1216	14.337	20.0521	14.2233	-1.0549	4.69521
20.9043	12.8141	0.218798	3.01113	19.6717	14.4038	19.9962	14.4573	-1.18121	4.66331
20.9043	12.8141	0.218798	3.01113	19.781	14.773	19.934	14.6897	-1.30687	4.62805
20.8911	13.1264	0.135274	3.01271	20.1149	14.0165	19.8655	14.9202	-1.43177	4.58944
20.8911	13.1264	0.135274	3.01271	20.0208	15.2053	19.7908	15.1486	-1.55581	4.54751
20.6855	13.7458	-0.598049	2.39461	20.0157	15.3443	19.7099	15.3749	-1.67887	4.50226
20.6855	13.7458	-0.598049	2.39461	19.9131	15.554	19.6229	15.5989	-1.80085	4.45372
20.5066	14.2189	-0.606014	2.76655	19.9388	15.0864	19.5298	15.8203	-1.92164	4.40193
20.5066	14.2189	-0.606014	2.76655	19.4748	16.0098	19.4307	16.039	-2.04114	4.3469
20.3367	14.6491	-0.694347	2.98444	19.1556	16.0022	19.3257	16.2549	-2.15925	4.28868
20.3367	14.6491	-0.694347	2.98444	19.238	16.2719	19.2148	16.4679	-2.27586	4.22731
20.1118	15.1614	-1.02449	2.78282	19.4007	16.2962	19.0981	16.6777	-2.39087	4.16284
20.1118	15.1614	-1.02449	2.78282	19.0029	16.8387	18.9757	16.8841	-2.50418	4.0953
19.6165	16.0221	-1.70621	2.44056	18.8373	17.7112	18.8477	17.0872	-2.61571	4.02476
19.6165	16.0221	-1.70621	2.44056	18.6148	17.3832	18.7142	17.2866	-2.72534	3.95127
19.3159	16.5098	-1.59857	3.22738	18.8177	17.0316	18.5752	17.4822	-2.83299	3.87489
19.3159	16.5098	-1.59857	3.22738	18.1023	17.5529	18.4309	17.674	-2.93858	3.79568
19.2183	16.6942	-1.64247	2.9847	18.2749	17.4877	18.2814	17.8617	-3.042	3.71372
19.2183	16.6942	-1.64247	2.9847	18.2094	18.0461	18.1268	18.0453	-3.14318	3.62906
19.0668	16.8713	-1.93974	2.33552	18.3021	17.498	17.9671	18.2246	-3.24204	3.5418
19.0668	16.8713	-1.93974	2.33552	17.9018	18.2183	17.8026	18.3994	-3.3385	3.45199
18.6349	17.5073	-2.07044	2.50153	18.8558	18.1364	17.6334	18.5697	-3.43247	3.35973
18.6349	17.5073	-2.07044	2.50153	17.3845	18.7039	17.4595	18.7353	-3.5239	3.26509
18.4957	17.6058	-2.17371	2.06069	17.7945	18.0801	17.281	18.8962	-3.61271	3.16817
18.4957	17.6058	-2.17371	2.06069	17.1762	18.8863	17.0983	19.0521	-3.69883	3.06904
17.967	18.2248	-2.43187	2.24405	16.9398	19.7311	16.9113	19.203	-3.78221	2.9678
17.967	18.2248	-2.43187	2.24405	16.5734	19.052	16.7201	19.3488	-3.86278	2.86455
17.4186	18.7806	-2.81355	2.07275	16.1674	20.2201	16.5251	19.4894	-3.9405	2.75938
17.4186	18.7806	-2.81355	2.07275	16.2338	19.6171	16.3262	19.6246	-4.01531	2.65237
17.774	18.1631	-2.45326	1.28013	16.4366	18.2742	16.1237	19.7545	-4.08716	2.54364
17.774	18.1631	-2.45326	1.28013	15.9243	19.8703	15.9176	19.8789	-4.15602	2.43329
17.4018	18.4084	-2.48154	1.63389	16.2328	19.2166	15.7082	19.9978	-4.22185	2.32141
17.4018	18.4084	-2.48154	1.63389	15.4332	20.1836	15.4956	20.111	-4.28461	2.2081
16.8087	18.9442	-2.83316	1.65476	14.3677	21.3406	15.2799	20.2185	-4.34427	2.09347
16.8087	18.9442	-2.83316	1.65476	15.2016	20.4385	15.0613	20.3203	-4.4008	1.97763
16.5091	19.0244	-2.99966	1.30615	14.7476	19.9571	14.84	20.4162	-4.4542	1.86068
16.5091	19.0244	-2.99966	1.30615	14.6665	20.6088	14.6161	20.5063	-4.50443	1.74272
15.9067	19.403	-3.36717	1.20196	13.841	21.0031	14.3897	20.5904	-4.55149	1.62386
15.9067	19.403	-3.36717	1.20196	14.0521	20.5924	14.1611	20.6686	-4.59537	1.50421
15.3542	19.6892	-3.63607	1.03951	13.8232	20.859	13.9304	20.7408	-4.63606	1.38386
15.3542	19.6892	-3.63607	1.03951	13.4686	20.7253	13.6977	20.807	-4.67357	1.26294
14.9812	19.7349	-3.79241	0.519527	13.8263	20.4261	13.4632	20.8671	-4.70789	1.14153
14.9812	19.7349	-3.79241	0.519527	13.1072	20.8294	13.2271	20.9211	-4.73904	1.01975
14.2672	20.1007	-4.05465	0.673749	13.2669	21.1579	12.9895	20.969	-4.76702	0.897694
14.2672	20.1007	-4.05465	0.673749	12.8729	21.0592	12.7506	21.0108	-4.79186	0.775469
13.553	20.3876	-4.37834	0.562794	11.5171	21.6724	12.5106	21.0465	-4.81358	0.653175
13.553	20.3876	-4.37834	0.562794	12.2062	21.11	12.2695	21.0761	-4.83219	0.530912
12.9213	20.584	-4.57933	0.336539	12.3859	21.1066	12.0276	21.0996	-4.84773	0.408778
12.9213	20.584	-4.57933	0.336539	11.6814	20.8651	11.785	21.117	-4.86022	0.286869
12.6838	20.3934	-4.49356	-0.000785493	11.5265	20.6748	11.5418	21.1283	-4.86971	0.165281
12.6838	20.3934	-4.49356	-0.000785493	11.363	21.0688	11.2982	21.1335	-4.87623	0.0441057
12.285	20.2513	-4.61724	-0.23533	10.5558	20.5567	11.0544	21.1327	-4.87982	-0.076565
12.285	20.2513	-4.61724	-0.23533	10.8903	20.927	10.8105	21.1259	-4.88053	-0.196643
11.5049	20.4176	-4.89412	0.0439387	9.30535	21.3896	10.5666	21.1131	-4.8784	-0.31604
11.5049	20.4176	-4.89412	0.0439387	10.189	21.209	10.3229	21.0943	-4.87349	-0.434674
10.7977	20.5638	-5.08856	-0.246012	9.97958	21.2932	10.0795	21.0697	-4.86585	-0.552463
10.7977	20.5638	-5.08856	-0.246012	9.99634	20.9797	9.83658	21.0391	-4.85554	-0.669327
10.0824	20.6753	-5.24439	-0.0751323	9.38223	21.111	9.59422	21.0028	-4.84262	-0.785189
10.0824	20.6753	-5.24439	-0.0751323	9.53921	20.8762	9.35258	20.9607	-4.82714	-0.899977
9.45484	20.7273	-5.32713	-0.543201	9.63392	20.9724	9.11177	20.9128	-4.80919	-1.01362
9.45484	20.7273	-5.32713	-0.543201	8.70331	20.8221	8.87192	20.8594	-4.78881	-1.12605
9.2003	20.4944	-5.13456	-0.908435	9.84634	20.009	8.63315	20.8003	-4.76608	-1.2372
9.2003	20.4944	-5.13456	-0.908435	8.22277	20.4839	8.39557	20.7358	-4.74108	-1.34701
8.65275	20.3909	-5.21039	-1.19439	8.29647	20.4978	8.1593	20.6657	-4.71387	-1.45542
8.65275	20.3909	-5.21039	-1.19439	7.88599	20.45	7.92445	20.5903	-4.68453	-1.56237
8.12412	20.3011	-5.18917	-1.56971	8.29081	20.6565	7.69111	20.5096	-4.65313	-1.66781
8.12412	20.3011	-5.18917	-1.56971	7.18029	20.392	7.45939	20.4237	-4.61975	-1.7717
7.55753	20.1368	-5.25881	-1.5889	7.09214	20.1196	7.22939	20.3326	-4.58448	-1.87399
7.55753	20.1368	-5.25881	-1.5889	6.81542	20.1859	7.00119	20.2364	-4.54738	-1.97462
7.00755	19.995	-5.27227	-1.67668	6.89359	20.1536	6.7749	20.1352	-4.50854	-2.07357
7.00755	19.995	-5.27227	-1.67668	6.38914	20.0137	6.55059	20.0292	-4.46805	-2.17079
6.48769	19.8618	-5.23302	-1.88226	6.67637	20.2142	6.32834	19.9183	-4.42598	-2.26625
6.48769	19.8618	-5.23302	-1.88226	5.86119	19.8306	6.10823	19.8027	-4.38241	-2.35993
5.9466	19.6081	-5.29525	-2.34883	5.28178	19.5036	5.89034	19.6824	-4.33744	-2.45178
5.9466	19.6081	-5.29525	-2.34883	5.69089	19.5755	5.67472	19.5577	-4.29114	-2.5418
5.53263	19.3087	-5.21234	-2.45644	5.9506	18.9859	5.46145	19.4284	-4.24359	-2.62995
5.53263	19.3087	-5.21234	-2.45644	5.17021	19.4397	5.25059	19.2948	-4.19488	-2.71622
5.15764	19.0891	-5.05137	-2.27646	5.87397	19.301	5.04219	19.157	-4.1451	-2.80059
5.15764	19.0891	-5.05137	-2.27646	4.89149	18.982	4.8363	19.015	-4.09432	-2.88305
4.60358	18.8465	-5.10386	-2.7402	3.98679	19.0452	4.63297	18.8689	-4.04263	-2.96359
4.60358	18.8465	-5.10386	-2.7402	4.4685	18.834	4.43224	18.7188	-3.99012	-3.0422
4.18036	18.5646	-5.02733	-2.62429	4.69245	18.4634	4.23416	18.5648	-3.93685	-3.11888
4.18036	18.5646	-5.02733	-2.62429	4.26269	18.481	4.03876	18.4071	-3.88293	-3.19362
3.82196	18.2778	-4.8904	-3.3738	3.42434	18.8357	3.84606	18.2457	-3.82841	-3.26644
3.82196	18.2778	-4.8904	-3.3738	3.45919	18.167	3.65611	18.0807	-3.77339	-3.33732
3.50309	17.9571	-4.74397	-2.97068	4.3011	17.9267	3.46891	17.9122	-3.71795	-3.40627
3.50309	17.9571	-4.74397	-2.97068	3.12525	17.7493	3.28449	17.7402	-3.66215	-3.47331
3.09045	17.6332	-4.69092	-3.51251	2.65664	17.888	3.10287	17.565	-3.60609	-3.53844
3.09045	17.6332	-4.69092	-3.51251	2.9449	17.8154	2.92405	17.3866	-3.54982	-3.60167
2.76062	17.2323	-4.55355	-3.85115	3.26647	17.0897	2.74805	17.2051	-3.49344	-3.66302
2.76062	17.2323	-4.55355	-3.85115	2.55407	17.0853	2.57486	17.0205	-3.437	-3.72251
2.31223	16.8867	-4.56394	-3.3522	2.55039	16.8884	2.4045	16.833	-3.38059	-3.78014
2.31223	16.8867	-4.56394	-3.3522	2.25371	16.8334	2.23695	16.6427	-3.32428	-3.83595
1.67986	16.5024	-4.67508	-3.51405	1.57735	16.0489	2.07221	16.4497	-3.26812	-3.88995
1.67986	16.5024	-4.67508	-3.51405	1.88972	16.1054	1.91027	16.254	-3.21219	-3.94216
1.34666	16.1525	-4.55356	-3.59622	1.74362	16.2687	1.75112	16.0557	-3.15656	-3.99261
1.34666	16.1525	-4.55356	-3.59622	1.44745	16.0853	1.59474	15.8549	-3.10129	-4.04132
1.09373	15.7208	-4.29974	-4.22533	1.6097	15.5526	1.44111	15.6517	-3.04644	-4.08832
1.09373	15.7208	-4.29974	-4.22533	1.18395	15.4284	1.29021	15.4463	-2.99207	-4.13364
0.747436	15.33	-4.24908	-4.08021	0.828993	15.528	1.14201	15.2386	-2.93825	-4.1773
0.747436	15.33	-4.24908	-4.08021	0.722706	15.0075	0.996486	15.0288	-2.88503	-4.21933
0.526937	14.9647	-4.0955	-3.90265	1.03147	15.2134	0.853604	14.8169	-2.83246	-4.25977
0.526937	14.9647	-4.0955	-3.90265	0.737301	14.7047	0.71333	14.603	-2.78061	-4.29864
0.207508	14.5014	-3.92142	-4.51549	0.722177	14.2445	0.575628	14.3872	-2.72952	-4.33598
0.207508	14.5014	-3.92142	-4.51549	0.253435	14.2029	0.440459	14.1696	-2.67925	-4.37181
-0.117896	14.0126	-3.79557	-4.95909	-0.0328023	13.9604	0.307779	13.9502	-2.62984	-4.40617
-0.117896	14.0126	-3.79557	-4.95909	0.459172	13.6856	0.177545	13.7292	-2.58135	-4.43909
-0.331512	13.5307	-3.62897	-5.03821	0.0524412	13.6377	0.0497099	13.5065	-2.53381	-4.47061
-0.331512	13.5307	-3.62897	-5.03821	-0.190344	13.2856	-0.0757753	13.2823	-2.48728	-4.50075
-0.616914	13.0652	-3.60333	-4.70005	-0.275043	13.1456	-0.198962	13.0566	-2.44179	-4.52955
-0.616914	13.0652	-3.60333	-4.70005	0.0462308	12.9301	-0.319903	12.8295	-2.39739	-4.55704
-1.00321	12.5672	-3.60242	-4.66505	-0.684792	12.3563	-0.438654	12.6011	-2.35412	-4.58326
-1.00321	12.5672	-3.60242	-4.66505	-0.476482	12.3633	-0.555273	12.3714	-2.31202	-4.60823
-1.17342	12.1592	-3.43143	-4.7146	-0.972122	12.5207	-0.669818	12.1404	-2.27111	-4.63198
-1.17342	12.1592	-3.43143	-4.7146	-0.582624	12.0386	-0.78235	11.9083	-2.23144	-4.65456
-1.45623	11.6776	-3.32933	-4.8698	-1.26757	11.6495	-0.892931	11.6751	-2.19304	-4.67598
-1.45623	11.6776	-3.32933	-4.8698	-1.17212	11.3988	-1.00163	11.4409	-2.15594	-4.69628
-1.69363	11.1793	-3.21283	-4.70061	-0.891441	10.959	-1.1085	11.2057	-2.12017	-4.71549
-1.69363	11.1793	-3.21283	-4.70061	-1.39289	11.0424	-1.21362	10.9695	-2.08575	-4.73364
-1.74371	10.7379	-2.80954	-5.12123	-1.29894	10.9012	-1.31706	10.7324	-2.05273	-4.75075
-1.74371	10.7379	-2.80954	-5.12123	-1.49687	10.4198	-1.41889	10.4945	-2.02111	-4.76686
-1.99297	10.1859	-2.6928	-5.3393	-1.59293	10.0212	-1.51917	10.2559	-1.99093	-4.78198
-1.99297	10.1859	-2.6928	-5.3393	-1.61875	10.2374	-1.61797	10.0165	-1.96221	-4.79615
-2.09255	9.73245	-2.57868	-5.0331	-1.59702	9.96554	-1.71539	9.77637	-1.93498	-4.80939
-2.09255	9.73245	-2.57868	-5.0331	-1.73381	9.71347	-1.81147	9.53564	-1.90924	-4.82172
-2.2525	9.25106	-2.41299	-5.27052	-2.27191	9.37316	-1.90631	9.29431	-1.88502	-4.83316
-2.2525	9.25106	-2.41299	-5.27052	-1.93833	8.77028	-1.99998	9.05243	-1.86233	-4.84374
-2.31982	8.82532	-2.29722	-4.9699	-1.96565	9.13274	-2.09256	8.81003	-1.8412	-4.85347
-2.31982	8.82532	-2.29722	-4.9699	-2.1768	8.5411	-2.18412	8.56717	-1.82164	-4.86238
-2.58204	8.29198	-2.27295	-5.18046	-2.65862	8.19477	-2.27474	8.32388	-1.80365	-4.87047
-2.58204	8.29198	-2.27295	-5.18046	-2.21875	8.15339	-2.3645	8.0802	-1.78726	-4.87778
-2.55899	7.93879	-2.0461	-4.97577	-2.273	8.52315	-2.45348	7.83617	-1.77248	-4.8843
-2.55899	7.93879	-2.0461	-4.97577	-2.59674	7.60288	-2.54177	7.59184	-1.75931	-4.89006
-2.85462	7.42917	-2.23983	-4.80737	-3.08256	7.38874	-2.62944	7.34723	-1.74777	-4.89507
-2.85462	7.42917	-2.23983	-4.80737	-2.79865	7.064	-2.71658	7.10238	-1.73786	-4.89933
-2.8977	7.01945	-1.8791	-5.00772	-2.79412	7.20818	-2.80326	6.85734	-1.72958	-4.90286
-2.8977	7.01945	-1.8791	-5.00772	-2.74651	6.86867	-2.88957	6.61214	-1.72295	-4.90566
-3.06553	6.50663	-1.91383	-4.72819	-2.57673	6.36755	-2.97559	6.36681	-1.71797	-4.90774
-3.06553	6.50663	-1.91383	-4.72819	-2.90217	6.22989	-3.0614	6.12139	-1.71464	-4.90911
-3.23873	6.04608	-1.79195	-4.96017	-3.50172	6.10796	-3.14709	5.87592	-1.71297	-4.90976
-3.23873	6.04608	-1.79195	-4.96017	-3.1778	5.53101	-3.23274	5.63043	-1.71295	-4.9097
-3.47119	5.47623	-1.92109	-4.8676	-3.19736	5.19093	-3.31843	5.38496	-1.71458	-4.90893
-3.47119	5.47623	-1.92109	-4.8676	-3.43031	5.10507	-3.40424	5.13955	-1.71787	-4.90745
-3.55281	5.02033	-1.6102	-4.96263	-3.4281	4.94644	-3.49026	4.89422	-1.72281	-4.90525
-3.55281	5.02033	-1.6102	-4.96263	-3.69435	4.52196	-3.57657	4.64902	-1.72939	-4.90233
-3.78034	4.43897	-1.86362	-4.8541	-3.50501	4.17643	-3.66325	4.40398	-1.73763	-4.89868
-3.78034	4.43897	-1.86362	-4.8541	-4.00238	4.04684	-3.75039	4.15913	-1.74749	-4.8943
-3.92315	4.00311	-1.66698	-4.89606	-4.06447	4.10977	-3.83806	3.91452	-1.75899	-4.88918
-3.92315	4.00311	-1.66698	-4.89606	-3.88053	3.75177	-3.92635	3.67019	-1.77212	-4.8833
-4.13103	3.5593	-1.92458	-4.70112	-4.23729	3.88878	-4.01533	3.42616	-1.78686	-4.87666
-4.13103	3.5593	-1.92458	-4.70112	-4.15119	3.21968	-4.10509	3.18248	-1.8032	-4.86925
-4.35398	3.02721	-2.02753	-4.78218	-4.27467	2.88187	-4.19571	2.93919	-1.82113	-4.86104
-4.35398	3.02721	-2.02753	-4.78218	-4.32451	2.55034	-4.28727	2.69633	-1.84065	-4.85202
-4.51345	2.55192	-1.85503	-4.79273	-4.38481	2.39989	-4.37985	2.45393	-1.86173	-4.84218
-4.51345	2.55192	-1.85503	-4.79273	-4.61223	2.09192	-4.47352	2.21205	-1.88436	-4.83149
-4.72336	1.97577	-2.25568	-4.89568	-4.29257	1.92854	-4.56836	1.97072	-1.90853	-4.81994
-4.72336	1.97577	-2.25568	-4.89568	-4.86829	1.53442	-4.66444	1.72998	-1.93422	-4.80751
-4.96785	1.45288	-2.3369	-4.97128	-4.98165	1.43611	-4.76186	1.48989	-1.9614	-4.79417
-4.96785	1.45288	-2.3369	-4.97128	-4.66779	1.28643	-4.86066	1.25049	-1.99007	-4.7799
-5.14407	1.05487	-2.12705	-4.72003	-4.98594	1.10894	-4.96095	1.01182	-2.02019	-4.76468
-5.14407	1.05487	-2.12705	-4.72003	-4.85498	0.825661	-5.06277	0.77393	-2.05174	-4.74848
-5.31713	0.448475	-2.12077	-5.01297	-4.84736	0.18101	-5.16621	0.536876	-2.08471	-4.73127
-5.31713	0.448475	-2.12077	-5.01297	-5.1231	0.257311	-5.27133	0.300706	-2.11906	-4.71303
-5.54979	-8.23153	4.63427	-20.4255	-5.99809	-0.290765	-5.3782	0.0654719	-2.15477	-4.69374
-5.54979	-8.23153	4.63427	-20.4255	-5.29972	-0.212982	-5.4869	-0.168772	-2.1918	-4.67335
-5.36084	-4.98246	1.95827	-7.51102	-5.64447	-0.144522	-5.59748	-0.401971	-2.23014	-4.65185
-5.36084	-4.98246	1.95827	-7.51102	-5.85359	-0.445801	-5.71001	-0.634069	-2.26974	-4.62919
-5.15559	-4.80648	1.63501	-6.67873	-5.30947	-0.724468	-5.82456	-0.865006	-2.31058	-4.60536
-5.15559	-4.80648	1.63501	-6.67873	-5.87835	-1.26863	-5.94118	-1.09472	-2.35262	-4.58032
-5.04423	-4.96326	1.34624	-6.05728	-5.68069	-1.52871	-6.05993	-1.32316	-2.39581	-4.55404
-5.04423	-4.96326	1.34624	-6.05728	-6.27263	-1.50938	-6.18087	-1.55025	-2.44014	-4.52648
-5.05229	-5.23607	0.670434	-6.1946	-6.11355	-1.75966	-6.30406	-1.77593	-2.48555	-4.49762
-5.05229	-5.23607	0.670434	-6.1946	-6.34007	-2.13685	-6.42954	-2.00014	-2.532	-4.46742
-5.28126	-5.52398	-0.0318266	-5.44432	-6.99344	-2.17445	-6.55738	-2.22281	-2.57946	-4.43585
-5.28126	-5.52398	-0.0318266	-5.44432	-6.79288	-2.4458	-6.68761	-2.44386	-2.62788	-4.40288
-5.58135	-5.77972	-0.78659	-5.10636	-7.14408	-2.67584	-6.82029	-2.66323	-2.6772	-4.36847
-5.58135	-5.77972	-0.78659	-5.10636	-6.8003	-3.10086	-6.95546	-2.88084	-2.7274	-4.3326
-5.8452	-6.03835	-1.21161	-4.63915	-7.13937	-3.22028	-7.09316	-3.09663	-2.7784	-4.29523
-5.8452	-6.03835	-1.21161	-4.63915	-7.12118	-3.26434	-7.23344	-3.3105	-2.83017	-4.25632
-6.31388	-6.24506	-1.91953	-4.31856	-7.77186	-4.08999	-7.37632	-3.5224	-2.88265	-4.21586
-6.31388	-6.24506	-1.91953	-4.31856	-7.49009	-3.49081	-7.52184	-3.73223	-2.93579	-4.1738
-6.50936	-6.54954	-2.16105	-4.23867	-7.52393	-3.88213	-7.67004	-3.93992	-2.98953	-4.13012
-6.50936	-6.54954	-2.16105	-4.23867	-7.88049	-4.29783	-7.82094	-4.14538	-3.04381	-4.08479
-6.91441	-6.76219	-2.58858	-3.9429	-8.08524	-4.57834	-7.97457	-4.34854	-3.09857	-4.03778
-6.91441	-6.76219	-2.58858	-3.9429	-8.22492	-4.79812	-8.13095	-4.5493	-3.15376	-3.98906
-7.3381	-6.94111	-2.81714	-3.39197	-8.453	-4.95621	-8.2901	-4.74759	-3.2093	-3.93862
-7.3381	-6.94111	-2.81714	-3.39197	-8.33552	-5.1059	-8.45204	-4.94331	-3.26514	-3.88641
-7.63009	-7.14809	-3.01129	-3.13967	-8.55062	-4.79248	-8.61678	-5.13637	-3.32121	-3.83242
-7.63009	-7.14809	-3.01129	-3.13967	-8.91477	-5.51752	-8.78433	-5.32669	-3.37745	-3.77663
-8.11763	-7.2785	-3.46003	-3.03828	-9.04115	-5.69364	-8.95469	-5.51417	-3.43377	-3.71901
-8.11763	-7.2785	-3.46003	-3.03828	-9.03391	-5.80267	-9.12788	-5.69872	-3.49012	-3.65955
-8.3148	-7.54713	-3.42471	-2.81588	-8.86897	-5.41973	-9.30388	-5.88026	-3.54643	-3.59823
-8.3148	-7.54713	-3.42471	-2.81588	-9.30811	-5.82368	-9.4827	-6.05868	-3.60261	-3.53503
-8.8936	-7.61924	-3.85099	-2.67851	-9.80646	-6.41174	-9.66432	-6.23389	-3.6586	-3.46994
-8.8936	-7.61924	-3.85099	-2.67851	-9.62547	-6.55958	-9.84874	-6.4058	-3.71431	-3.40295
-9.62249	-7.59789	-4.4283	-2.49909	-10.6688	-6.35543	-10.0359	-6.57431	-3.76969	-3.33404
-9.62249	-7.59789	-4.4283	-2.49909	-10.2246	-6.83402	-10.2259	-6.73933	-3.82463	-3.26321
-9.93982	-7.88994	-4.39794	-2.51093	-10.2205	-6.71044	-10.4186	-6.90075	-3.87907	-3.19046
-9.93982	-7.88994	-4.39794	-2.51093	-10.7616	-7.29159	-10.614	-7.05849	-3.93293	-3.11577
-10.4181	-8.03889	-4.54717	-2.36189	-10.8944	-6.83335	-10.8121	-7.21245	-3.98613	-3.03916
-10.4181	-8.03889	-4.54717	-2.36189	-11.2219	-7.56979	-11.0128	-7.36252	-4.03859	-2.96062
-10.8156	-8.24886	-4.4974	-2.19291	-10.986	-7.3707	-11.2161	-7.50862	-4.09021	-2.88015
-10.8156	-8.24886	-4.4974	-2.19291	-11.0934	-7.6776	-11.422	-7.65064	-4.14093	-2.79777
-11.2453	-8.4034	-4.54639	-2.03967	-11.4213	-7.46085	-11.6304	-7.78849	-4.19066	-2.71349
-11.2453	-8.4034	-4.54639	-2.03967	-11.5269	-7.8215	-11.8413	-7.92208	-4.23932	-2.6273
-11.704	-8.52745	-4.41289	-1.71022	-11.9422	-7.88317	-12.0546	-8.05131	-4.28682	-2.53924
-11.704	-8.52745	-4.41289	-1.71022	-12.09	-8.08828	-12.2702	-8.17609	-4.33309	-2.44932
-12.2342	-8.61345	-4.86056	-1.94578	-12.4462	-8.02117	-12.4881	-8.29633	-4.37802	-2.35756
-12.2342	-8.61345	-4.86056	-1.94578	-12.4231	-8.2599	-12.7082	-8.41193	-4.42156	-2.26399
-12.6571	-8.77444	-4.5259	-1.55139	-12.7461	-8.19449	-12.9304	-8.5228	-4.4636	-2.16863
-12.6571	-8.77444	-4.5259	-1.55139	-13.2911	-8.64594	-13.1547	-8.62886	-4.50407	-2.07151
-13.2702	-8.80425	-4.85257	-1.6291	-13.7929	-8.47158	-13.381	-8.73002	-4.54289	-1.97267
-13.2702	-8.80425	-4.85257	-1.6291	-13.384	-8.57583	-13.6092	-8.82619	-4.57997	-1.87214
-13.6403	-8.976	-4.44949	-1.27629	-13.6376	-8.26344	-13.8392	-8.91729	-4.61524	-1.76997
-13.6403	-8.976	-4.44949	-1.27629	-13.9959	-8.99264	-14.0709	-9.00324	-4.64861	-1.6662
-14.1993	-9.03312	-4.89506	-1.55513	-14.4737	-8.79552	-14.3043	-9.08395	-4.68001	-1.56086
-14.1993	-9.03312	-4.89506	-1.55513	-14.4273	-9.1875	-14.5391	-9.15936	-4.70936	-1.45402
-14.6452	-9.21373	-4.65459	-1.39767	-14.5757	-9.32634	-14.7754	-9.22939	-4.73658	-1.34573
-14.6452	-9.21373	-4.65459	-1.39767	-15.062	-9.04396	-15.013	-9.29397	-4.76161	-1.23603
-15.2096	-9.32704	-4.69197	-1.40826	-15.6189	-9.69365	-15.2517	-9.35302	-4.78436	-1.125
-15.2096	-9.32704	-4.69197	-1.40826	-15.6682	-9.56749	-15.4916	-9.40649	-4.80476	-1.01269
-15.7	-9.42333	-4.46179	-1.15039	-15.9382	-9.35751	-15.7324	-9.45431	-4.82275	-0.899159
-15.7	-9.42333	-4.46179	-1.15039	-16.0862	-9.59819	-15.9741	-9.49642	-4.83827	-0.784484
-16.2209	-9.42357	-4.50362	-1.00215	-16.6033	-8.85459	-16.2164	-9.53277	-4.85124	-0.668734
-16.2209	-9.42357	-4.50362	-1.00215	-16.4229	-9.37029	-16.4594	-9.5633	-4.8616	-0.55198
-16.5043	-9.64216	-4.31406	-1.01904	-16.011	-9.33486	-16.7027	-9.58797	-4.8693	-0.434301
-16.5043	-9.64216	-4.31406	-1.01904	-17.1132	-9.43043	-16.9464	-9.60673	-4.87427	-0.315773
-16.9414	-9.89851	-4.45061	-1.38347	-16.9255	-10.8571	-17.1903	-9.61954	-4.87646	-0.196479
-16.9414	-9.89851	-4.45061	-1.38347	-17.5448	-9.57485	-17.4342	-9.62636	-4.87583	-0.0765024
-17.4639	-9.94063	-4.31538	-1.11357	-18.1371	-9.39146	-17.6781	-9.62717	-4.87232	0.0440703
-17.4639	-9.94063	-4.31538	-1.11357	-17.9724	-9.42299	-17.9216	-9.62194	-4.86588	0.165151
-17.9411	-9.92756	-4.19437	-0.83621	-18.3083	-9.18778	-18.1648	-9.61064	-4.85648	0.286648
-17.9411	-9.92756	-4.19437	-0.83621	-18.2763	-9.60997	-18.4074	-9.59325	-4.84408	0.40847
-18.3554	-9.97446	-4.32271	-0.886639	-18.2443	-9.58547	-18.6493	-9.56977	-4.82864	0.530522
-18.3554	-9.97446	-4.32271	-0.886639	-18.9545	-9.51544	-18.8904	-9.54017	-4.81012	0.652707
-18.7655	-9.97275	-4.31575	-0.765144	-18.6983	-9.02886	-19.1305	-9.50447	-4.78851	0.774927
-18.7655	-9.97275	-4.31575	-0.765144	-19.2983	-9.09865	-19.3694	-9.46265	-4.76378	0.897083
-19.2399	-9.88715	-4.06588	-0.361487	-19.7037	-8.79906	-19.6069	-9.41472	-4.73591	1.01907
-19.2399	-9.88715	-4.06588	-0.361487	-19.8731	-8.96417	-19.8431	-9.36071	-4.70487	1.1408
-19.7506	-9.65429	-4.10222	-0.0281855	-20.3815	-7.6755	-20.0775	-9.30061	-4.67066	1.26215
-19.7506	-9.65429	-4.10222	-0.0281855	-20.1607	-9.59663	-20.3102	-9.23446	-4.63328	1.38303
-20.2683	-9.53035	-4.22219	0.0502722	-20.4587	-9.7448	-20.5409	-9.16227	-4.59271	1.50334
-20.2683	-9.53035	-4.22219	0.0502722	-20.6596	-8.91527	-20.7696	-9.08409	-4.54895	1.62296
-20.8753	-9.2104	-4.16229	0.449443	-21.5568	-8.5005	-20.9959	-8.99994	-4.50202	1.74179
-20.8753	-9.2104	-4.16229	0.449443	-21.0195	-8.85081	-21.2198	-8.90987	-4.45191	1.85972
-21.4344	-8.90851	-4.05469	0.770903	-21.8628	-8.64129	-21.4412	-8.81393	-4.39865	1.97666
-21.4344	-8.90851	-4.05469	0.770903	-21.5029	-8.87191	-21.6597	-8.71217	-4.34224	2.0925
-21.679	-8.99303	-3.53266	0.868345	-21.9514	-7.41274	-21.8754	-8.60465	-4.2827	2.20712
-21.679	-8.99303	-3.53266	0.868345	-21.9793	-8.57089	-22.0881	-8.49143	-4.22007	2.32043
-22.0361	-8.86616	-3.77229	0.836723	-22.1914	-7.70392	-22.2975	-8.37258	-4.15437	2.43232
-22.0361	-8.86616	-3.77229	0.836723	-22.5838	-8.35296	-22.5035	-8.24817	-4.08564	2.5427
-22.3578	-8.82615	-3.55881	0.916846	-22.3177	-8.57758	-22.7061	-8.11829	-4.01391	2.65145
-22.3578	-8.82615	-3.55881	0.916846	-22.9861	-7.6724	-22.9049	-7.98301	-3.93923	2.75848
-22.7806	-8.59345	-3.20131	1.19301	-23.2693	-8.32031	-23.1	-7.84243	-3.86163	2.8637
-22.7806	-8.59345	-3.20131	1.19301	-23.4777	-7.56583	-23.2911	-7.69663	-3.78118	2.967
-23.1845	-8.27505	-3.49637	1.30774	-23.473	-7.02103	-23.4781	-7.54572	-3.69792	3.06828
-23.1845	-8.27505	-3.49637	1.30774	-23.5408	-7.36069	-23.6609	-7.3898	-3.61191	3.16746
-23.5997	-7.93784	-3.38465	1.56898	-24.0505	-6.56968	-23.8393	-7.22897	-3.52321	3.26445
-23.5997	-7.93784	-3.38465	1.56898	-23.9384	-7.26171	-24.0132	-7.06336	-3.43189	3.35916
-23.9506	-7.6364	-3.09469	1.83295	-24.3577	-5.94086	-24.1825	-6.89307	-3.33801	3.45149
-23.9506	-7.6364	-3.09469	1.83295	-24.2574	-6.4352	-24.347	-6.71823	-3.24166	3.54138
-24.3584	-7.23003	-2.81131	2.07562	-24.788	-7.18367	-24.5066	-6.53896	-3.14289	3.62873
-24.3584	-7.23003	-2.81131	2.07562	-24.3008	-6.43799	-24.6612	-6.35538	-3.0418	3.71347
-24.5668	-7.10172	-2.61926	2.09672	-24.6108	-6.00878	-24.8107	-6.16764	-2.93846	3.79553
-24.5668	-7.10172	-2.61926	2.09672	-25.146	-5.91902	-24.955	-5.97587	-2.83295	3.87484
-24.8032	-6.8014	-2.5224	2.28947	-24.8975	-5.02285	-25.094	-5.7802	-2.72537	3.95132
-24.8032	-6.8014	-2.5224	2.28947	-25.1941	-5.64372	-25.2276	-5.58079	-2.61581	4.02492
-25.1535	-6.31948	-2.6079	2.48493	-25.5328	-5.4399	-25.3556	-5.37777	-2.50435	4.09557
-25.1535	-6.31948	-2.6079	2.48493	-25.5713	-5.10241	-25.4779	-5.1713	-2.39109	4.16322
-25.3209	-6.3014	-2.54951	2.31967	-25.0178	-6.55904	-25.5946	-4.96152	-2.27613	4.22781
-25.3209	-6.3014	-2.54951	2.31967	-25.6952	-4.89995	-25.7055	-4.7486	-2.15956	4.2893
-25.5969	-5.86807	-2.35199	2.58394	-25.8162	-4.40681	-25.8105	-4.53268	-2.04149	4.34764
-25.5969	-5.86807	-2.35199	2.58394	-25.9516	-4.26659	-25.9096	-4.31392	-1.92202	4.40279
-25.9551	-5.2813	-1.7695	2.84161	-26.8953	-4.43966	-26.0027	-4.0925	-1.80125	4.45471
-25.9551	-5.2813	-1.7695	2.84161	-26.1198	-3.67723	-26.0897	-3.86856	-1.67928	4.50337
-26.1678	-4.80559	-1.35194	3.0045	-26.5652	-3.85723	-26.1706	-3.64227	-1.55623	4.54875
-26.1678	-4.80559	-1.35194	3.0045	-25.9974	-3.24722	-26.2453	-3.41381	-1.4322	4.59081
-26.2566	-4.50554	-1.05748	3.06016	-26.2976	-3.01078	-26.3138	-3.18332	-1.30729	4.62954
-26.2566	-4.50554	-1.05748	3.06016	-26.1741	-2.87885	-26.376	-2.95098	-1.18162	4.66493
-26.3724	-4.10778	-0.982307	3.1512	-26.4681	-3.44967	-26.4319	-2.71697	-1.05529	4.69696
-26.3724	-4.10778	-0.982307	3.1512	-26.674	-2.73852	-26.4815	-2.48143	-0.928411	4.72562
-26.5101	-3.5162	-0.964839	3.4148	-26.657	-1.72382	-26.5247	-2.24456	-0.80109	4.75091
-26.5101	-3.5162	-0.964839	3.4148	-26.6691	-2.17333	-26.5616	-2.0065	-0.673434	4.77284
-26.5413	-3.22971	-0.848408	3.45371	-26.3248	-1.32261	-26.5921	-1.76744	-0.545553	4.79141
-26.5413	-3.22971	-0.848408	3.45371	-26.4671	-1.53207	-26.6161	-1.52753	-0.417552	4.80664
-26.553	-2.98651	-0.319868	3.38416	-26.4998	-2.19526	-26.6338	-1.28695	-0.289538	4.81852
-26.553	-2.98651	-0.319868	3.38416	-26.5998	-1.14277	-26.6451	-1.04586	-0.161616	4.8271
-26.6674	-2.38442	-0.238807	3.51437	-27.2008	-1.67679	-26.65	-0.804425	-0.0338883	4.83238
-26.6674	-2.38442	-0.238807	3.51437	-26.7355	-0.59539	-26.6485	-0.562811	0.0935412	4.83439
-26.7111	-1.75477	0.184448	3.66794	-26.9891	0.0351487	-26.6406	-0.321181	0.220572	4.83317
-26.7111	-1.75477	0.184448	3.66794	-26.4553	0.0602653	-26.6264	-0.0796947	0.347104	4.82874
-24.9603	-25.3804	-1.46077	-18.0767	-26.9537	0.136943	-26.6059	0.161489	0.473041	4.82116
-24.9603	-25.3804	-1.46077	-18.0767	-26.6201	0.57588	-26.5792	0.402213	0.598287	4.81045
-25.6924	-13.9568	-0.0671268	-3.3866	-26.8241	0.381506	-26.5462	0.642323	0.722748	4.79667
-25.6924	-13.9568	-0.0671268	-3.3866	-26.7293	1.06082	-26.5069	0.881666	0.846334	4.77986
-25.156	-13.8036	2.27161	-3.80765	-25.9562	2.60409	-26.4616	1.12009	0.968955	4.76007
-25.156	-13.8036	2.27161	-3.80765	-26.3986	1.42212	-26.4101	1.35745	1.09053	4.73737
-24.3526	-14.5828	3.90166	-5.28628	-26.5072	-0.563928	-26.3526	1.59361	1.21096	4.71181
-24.3526	-14.5828	3.90166	-5.28628	-26.3594	1.79315	-26.2891	1.82841	1.33018	4.68345
-23.1847	-15.8932	6.03438	-7.24795	-26.3475	1.82827	-26.2197	2.06173	1.44811	4.65235
-23.1847	-15.8932	6.03438	-7.24795	-26.2502	2.18481	-26.1444	2.29342	1.56467	4.61859
-21.5558	-17.6932	8.64481	-9.58349	-26.069	2.27896	-26.0633	2.52336	1.67979	4.58223
-21.5558	-17.6932	8.64481	-9.58349	-26.0641	2.80701	-25.9765	2.75141	1.79339	4.54334
-19.5909	-19.677	11.7015	-10.1848	-26.3234	3.02388	-25.8841	2.97746	1.90543	4.502
-19.5909	-19.677	11.7015	-10.1848	-25.8345	3.42005	-25.7861	3.20139	2.01582	4.45828
-17.1262	-21.7714	14.8951	-10.5488	-26.1824	3.73376	-25.6826	3.42306	2.12452	4.41227
-17.1262	-21.7714	14.8951	-10.5488	-25.6666	3.63509	-25.5737	3.64239	2.23146	4.36404
-14.6034	-23.262	17.4288	-9.55228	-25.5773	3.13316	-25.4596	3.85924	2.3366	4.31367
-14.6034	-23.262	17.4288	-9.55228	-25.7492	3.99968	-25.3402	4.07353	2.43989	4.26125
-11.6578	-24.6397	20.0897	-8.14002	-25.3516	3.75691	-25.2157	4.28514	2.54127	4.20686
-11.6578	-24.6397	20.0897	-8.14002	-25.0214	4.52803	-25.0863	4.49399	2.64071	4.15058
-8.84239	-25.3532	21.9318	-6.28834	-24.2719	4.30917	-24.9518	4.69998	2.73817	4.09251
-8.84239	-25.3532	21.9318	-6.28834	-25.0363	4.88499	-24.8126	4.90303	2.83361	4.03273
-5.46272	-26.0147	24.123	-3.60053	-24.3609	4.95947	-24.6686	5.10304	2.92701	3.97132
-5.46272	-26.0147	24.123	-3.60053	-24.5041	5.35293	-24.5201	5.29995	3.01833	3.90839
-1.92358	-26.2772	25.7513	-0.0592717	-24.4379	5.24592	-24.367	5.49367	3.10754	3.84401
-1.92358	-26.2772	25.7513	-0.0592717	-24.1159	5.61152	-24.2095	5.68414	3.19464	3.77827
1.83547	-26.0811	27.0469	3.84531	-24.5638	4.75836	-24.0477	5.8713	3.27959	3.71127
1.83547	-26.0811	27.0469	3.84531	-23.9153	5.94377	-23.8818	6.05508	3.36239	3.64309
5.31206	-25.3007	27.6592	7.23193	-23.5491	6.44495	-23.7117	6.23542	3.44302	3.57383
5.31206	-25.3007	27.6592	7.23193	-23.6471	6.29102	-23.5377	6.41227	3.52148	3.50357
8.71855	-24.1024	27.309	11.4585	-23.7544	6.53746	-23.3598	6.58559	3.59775	3.4324
8.71855	-24.1024	27.309	11.4585	-23.0099	6.86182	-23.1781	6.75533	3.67185	3.36041
11.3041	-22.4865	25.8104	14.9453	-22.7862	5.74143	-22.9928	6.92146	3.74376	3.28768
11.3041	-22.4865	25.8104	14.9453	-22.6991	7.063	-22.804	7.08393	3.8135	3.21431
14.012	-20.4177	24.0378	18.9494	-22.418	6.76159	-22.6117	7.24273	3.88106	3.14038
14.012	-20.4177	24.0378	18.9494	-22.5083	7.31524	-22.4161	7.39782	3.94647	3.06598
16.2597	-18.1422	21.2037	22.2278	-22.0543	7.85452	-22.2173	7.54917	4.00974	2.99118
16.2597	-18.1422	21.2037	22.2278	-22.1947	7.69478	-22.0154	7.69679	4.07087	2.91607
18.6008	-15.2785	18.67	25.4332	-21.6178	9.0351	-21.8105	7.84064	4.12989	2.84074
18.6008	-15.2785	18.67	25.4332	-21.6473	7.94	-21.6026	7.98072	4.18681	2.76526
20.0481	-12.7459	14.7988	26.5737	-21.8637	7.78661	-21.392	8.11703	4.24166	2.68971
20.0481	-12.7459	14.7988	26.5737	-21.0853	7.83229	-21.1787	8.24957	4.29447	2.61417
21.3302	-9.69535	11.0999	28.0199	-20.5503	9.28616	-20.9628	8.37833	4.34526	2.53871
21.3302	-9.69535	11.0999	28.0199	-21.0519	8.50983	-20.7444	8.50333	4.39406	2.46341
21.8599	-7.2574	6.80849	27.1018	-19.9265	9.40847	-20.5237	8.62457	4.4409	2.38835
21.8599	-7.2574	6.80849	27.1018	-20.21	8.68914	-20.3006	8.74206	4.48582	2.31358
22.4421	-3.59002	2.78114	28.149	-20.2277	8.8532	-20.0753	8.85583	4.52884	2.23919
22.4421	-3.59002	2.78114	28.149	-20.0633	8.86724	-19.848	8.96589	4.57001	2.16524
22.3929	-0.883784	-0.691392	26.2529	-19.9264	8.78179	-19.6186	9.07227	4.60937	2.09179
22.3929	-0.883784	-0.691392	26.2529	-19.4861	8.96665	-19.3873	9.17499	4.64694	2.01891
21.9466	2.14861	-4.60956	24.5837	-18.5719	10.2069	-19.1542	9.27409	4.68278	1.94666
21.9466	2.14861	-4.60956	24.5837	-18.6786	9.19191	-18.9193	9.36959	4.71692	1.8751
21.1012	5.24991	-8.14084	22.7538	-19.2825	8.98189	-18.6827	9.46154	4.7494	1.80429
21.1012	5.24991	-8.14084	22.7538	-18.4242	9.46852	-18.4446	9.54996	4.78028	1.73429
19.8749	7.61273	-10.8717	19.8047	-18.1634	8.72444	-18.2049	9.63492	4.80959	1.66514
19.8749	7.61273	-10.8717	19.8047	-17.7736	9.72478	-17.9639	9.71643	4.83737	1.59691
18.1138	10.4566	-13.7026	18.376	-17.2296	9.97767	-17.7214	9.79457	4.86368	1.52964
18.1138	10.4566	-13.7026	18.376	-17.3436	9.88109	-17.4777	9.86936	4.88856	1.46338
16.3513	12.4605	-15.4798	15.4411	-17.1554	10.212	-17.2328	9.94087	4.91205	1.39818
16.3513	12.4605	-15.4798	15.4411	-16.8876	10.145	-16.9868	10.0091	4.93421	1.33408
14.2037	14.3576	-17.3507	12.8812	-16.5958	10.1078	-16.7396	10.0743	4.95507	1.27113
14.2037	14.3576	-17.3507	12.8812	-16.5153	10.3091	-16.4915	10.1362	4.97469	1.20937
11.9415	15.8483	-18.7191	10.1733	-16.09	10.5824	-16.2424	10.1952	4.99311	1.14883
11.9415	15.8483	-18.7191	10.1733	-16.006	10.1843	-15.9924	10.2511	5.01039	1.08956
9.55231	16.9832	-19.7869	7.6507	-15.7234	10.41	-15.7416	10.3041	5.02655	1.03159
9.55231	16.9832	-19.7869	7.6507	-15.5699	10.1904	-15.4899	10.3543	5.04166	0.974957
7.61891	17.3652	-19.7296	4.67864	-14.2385	10.9109	-15.2376	10.4016	5.05576	0.919692
7.61891	17.3652	-19.7296	4.67864	-14.9365	10.4722	-14.9846	10.4462	5.06889	0.865828
4.94481	17.8684	-20.8036	2.66115	-14.724	9.63507	-14.7309	10.4882	5.0811	0.813394
4.94481	17.8684	-20.8036	2.66115	-14.4088	10.222	-14.4766	10.5276	5.09243	0.762418
2.94185	17.8584	-20.3422	0.0327651	-13.9005	10.5238	-14.2218	10.5645	5.10293	0.712926
2.94185	17.8584	-20.3422	0.0327651	-13.8049	10.9383	-13.9665	10.5989	5.11263	0.664944
0.534744	17.7121	-20.4888	-2.28138	-13.3956	10.7857	-13.7107	10.631	5.12159	0.618496
0.534744	17.7121	-20.4888	-2.28138	-13.3556	10.5517	-13.4545	10.6608	5.12983	0.573603
-1.28567	17.2642	-19.4881	-4.64866	-12.9374	10.8137	-13.1979	10.6884	5.13741	0.530288
-1.28567	17.2642	-19.4881	-4.64866	-12.9591	11.0099	-12.9409	10.7138	5.14436	0.48857
-3.2665	16.6181	-18.8265	-6.7472	-12.2518	11.2495	-12.6836	10.7373	5.15071	0.448467
-3.2665	16.6181	-18.8265	-6.7472	-12.3713	10.6091	-12.426	10.7587	5.15651	0.409997
-4.85226	15.8287	-17.6297	-8.41654	-11.9352	10.9161	-12.1681	10.7783	5.16179	0.373177
-4.85226	15.8287	-17.6297	-8.41654	-11.9451	11.0515	-11.91	10.7961	5.16658	0.338022
-6.15526	14.9275	-16.1666	-9.86109	-10.9703	10.9676	-11.6516	10.8121	5.17092	0.304546
-6.15526	14.9275	-16.1666	-9.86109	-11.4548	10.9407	-11.393	10.8265	5.17484	0.272761
-7.09642	14.0622	-14.0439	-11.2552	-11.3472	10.5111	-11.1342	10.8394	5.17836	0.242681
-7.09642	14.0622	-14.0439	-11.2552	-10.6009	10.6823	-10.8753	10.8509	5.18153	0.214317
-8.26981	12.9412	-12.9246	-12.2046	-10.6563	10.8369	-10.6161	10.8609	5.18435	0.187679
-8.26981	12.9412	-12.9246	-12.2046	-10.4142	10.8747	-10.3569	10.8697	5.18687	0.162776
-9.12303	11.9833	-11.8195	-12.2429	-9.90413	11.2255	-10.0976	10.8772	5.1891	0.139618
-9.12303	11.9833	-11.8195	-12.2429	-9.83445	11.1032	-9.83809	10.8837	5.19106	0.118212
-9.70107	11.1518	-10.0084	-12.3782	-10.195	10.3498	-9.57852	10.8891	5.19278	0.0985664
-9.70107	11.1518	-10.0084	-12.3782	-9.3066	11.0348	-9.31887	10.8936	5.19428	0.0806865
-10.3832	10.0062	-8.52874	-12.8513	-9.2226	10.3527	-9.05915	10.8972	5.19557	0.0645787
-10.3832	10.0062	-8.52874	-12.8513	-8.78899	11.0707	-8.79937	10.9001	5.19667	0.050248
-10.7885	9.02432	-6.94923	-12.6781	-8.83914	10.0319	-8.53953	10.9023	5.19759	0.0376992
-10.7885	9.02432	-6.94923	-12.6781	-8.62045	10.6577	-8.27965	10.9039	5.19835	0.0269359
-10.926	8.54241	-5.80515	-11.5816	-7.91543	11.1157	-8.01974	10.905	5.19896	0.0179617
-10.926	8.54241	-5.80515	-11.5816	-7.51971	11.0005	-7.75979	10.9057	5.19942	0.0107791
-11.2649	7.48615	-4.66667	-11.5356	-7.25987	10.6458	-7.49981	10.9061	5.19975	0.00539029
-11.2649	7.48615	-4.66667	-11.5356	-7.15631	10.815	-7.23983	10.9063	5.19994	0.00179692
-11.2813	7.27452	-3.98016	-10.0331	-7.39396	11.0181	-6.97983	10.9064	5.2	-7.84874e-15
